500 986
244 252
224 22
81 484
273 432
382 496
215 349
56 378
187 324
454 49
320 239
1 129
106 161
270 379
117 212
452 279
402 98
10 438
461 144
1 63
190 322
205 277
225 323
341 290
47 68
1 154
44 142
378 248
382 86
317 162
276 463
491 93
100 216
226 303
92 228
27 361
1 202
205 58
1 249
1 87
499 28
386 51
392 245
304 294
390 423
330 500
372 142
306 52
443 130
155 379
431 467
11 407
248 79
183 25
478 363
2 442
277 324
287 441
228 138
1 130
447 58
311 171
383 161
207 429
384 484
276 500
1 317
2 425
195 318
450 50
10 416
294 119
1 498
487 498
403 340
1 56
373 80
391 176
252 500
39 173
394 388
1 280
230 23
488 182
9 294
110 11
87 239
415 215
169 240
97 383
224 379
45 191
1 226
301 125
50 193
208 375
1 112
479 223
355 178
460 5
430 113
100 182
44 372
1 431
1 187
311 63
180 478
283 298
1 415
405 219
482 197
71 299
32 285
480 155
1 371
376 25
86 496
423 289
240 185
85 171
66 369
457 6
314 138
224 500
431 475
107 36
313 330
273 46
219 318
149 146
58 277
3 305
1 184
395 289
89 399
1 85
1 31
55 49
220 283
456 467
451 339
492 500
41 90
1 273
1 426
154 142
47 363
1 391
192 500
411 500
460 399
1 199
269 299
1 200
205 324
155 22
353 373
408 442
456 76
442 425
374 212
1 83
487 448
411 46
371 17
11 500
432 245
13 361
402 173
174 176
137 482
60 174
320 469
1 297
98 500
202 244
412 334
321 500
456 500
253 325
1 353
208 84
32 441
1 299
73 43
216 500
44 129
187 277
195 219
55 500
261 500
30 459
96 351
88 500
1 347
413 444
132 500
248 132
469 500
393 162
1 488
30 50
34 336
323 500
1 222
451 453
68 478
354 65
382 303
231 227
413 212
1 146
1 149
393 317
85 311
183 145
102 305
447 324
1 225
5 500
161 500
98 319
253 500
419 146
2 410
182 216
43 500
369 157
41 490
83 359
421 72
1 220
356 452
101 16
199 434
371 337
94 485
386 419
242 384
245 500
71 269
24 500
368 174
180 363
214 434
267 348
147 5
81 340
197 500
112 319
1 491
333 3
1 3
480 270
87 492
319 500
264 438
229 500
29 347
242 81
352 374
24 65
441 500
349 336
310 108
85 158
172 179
1 493
153 49
131 500
376 145
438 500
6 192
269 452
1 251
393 28
63 158
89 147
372 500
1 126
231 463
60 176
450 193
449 500
486 304
465 483
264 152
179 348
251 423
10 264
9 304
251 390
1 301
371 96
469 492
142 473
351 328
88 420
162 28
227 463
188 496
106 383
89 446
363 500
483 220
1 223
1 106
477 309
88 265
149 386
415 194
450 459
193 459
455 3
47 500
496 500
486 119
488 249
359 52
141 171
1 407
119 500
1 408
55 397
415 34
184 341
1 124
110 93
430 323
35 290
122 192
117 444
89 5
477 219
325 500
1 120
396 307
418 294
353 325
251 289
444 500
352 444
351 500
408 410
164 72
188 303
13 27
403 500
411 245
1 285
122 457
372 473
443 179
37 65
149 238
345 498
71 279
394 111
1 410
486 500
415 336
190 281
396 361
195 405
354 37
73 138
278 290
1 89
137 449
98 39
11 262
141 63
431 76
280 383
147 399
169 321
362 500
456 123
465 283
177 218
1 50
479 331
1 10
62 454
1 286
409 113
367 363
460 446
170 289
185 500
56 132
275 65
224 270
1 172
487 175
349 500
231 222
475 123
147 460
367 478
337 500
72 500
476 164
2 82
218 500
418 9
74 191
106 280
176 211
129 142
1 73
418 304
149 51
465 220
225 113
395 500
467 500
321 240
412 25
1 37
92 314
479 500
169 185
20 500
413 374
74 207
1 465
264 416
461 196
375 84
199 66
102 338
425 500
170 390
225 430
491 407
1 46
1 303
1 219
66 434
100 131
353 493
396 27
110 262
30 193
367 68
56 200
35 184
457 192
180 68
448 500
394 107
402 39
41 125
1 355
91 383
392 411
338 500
1 310
159 196
493 80
1 388
1 399
313 331
260 331
1 313
1 420
108 445
287 23
419 51
74 45
20 218
24 37
473 500
158 171
1 421
1 22
98 173
411 432
102 3
287 500
1 195
159 500
225 143
82 425
112 173
126 50
1 71
461 286
155 224
301 33
309 500
469 239
285 23
87 120
446 5
300 393
29 72
262 500
187 58
131 249
228 314
483 283
17 328
386 146
457 124
378 132
352 212
289 500
275 163
301 41
429 45
461 209
1 396
284 192
10 152
320 120
367 47
391 368
320 492
1 17
228 43
1 354
362 448
181 500
172 443
25 145
207 500
187 205
169 178
488 100
145 334
107 111
222 227
376 412
49 500
124 284
180 367
97 91
131 182
468 276
431 123
487 362
453 8
355 169
1 231
122 124
1 25
355 240
159 209
457 284
404 261
154 44
6 284
244 420
310 445
321 178
445 500
28 500
382 500
137 16
405 309
107 500
1 418
275 37
451 261
73 92
356 500
81 384
181 283
450 500
348 500
303 86
191 500
267 179
373 325
307 27
267 130
122 284
488 216
300 28
369 434
454 55
260 223
66 214
345 448
405 477
454 153
6 124
102 455
146 51
378 200
300 162
223 331
196 500
331 330
1 485
141 158
468 222
82 410
144 196
1 376
1 480
388 111
351 337
248 500
410 442
455 305
36 500
395 423
83 306
426 36
361 500
82 500
130 179
229 416
96 328
347 164
299 452
404 500
177 20
455 333
183 500
290 500
416 438
1 102
469 120
56 79
402 319
200 79
468 463
244 265
403 384
406 290
111 36
41 33
349 194
353 80
287 285
1 157
253 493
345 175
91 161
420 265
47 478
163 500
386 238
238 500
313 223
6 500
318 309
286 209
396 31
421 347
1 322
62 153
8 261
251 170
35 341
408 425
101 197
226 496
345 487
172 130
62 397
32 23
356 299
378 79
144 159
352 500
209 196
426 394
190 500
449 16
1 390
443 267
170 395
60 500
426 388
379 500
71 452
477 500
455 338
62 49
82 442
90 33
406 341
202 420
188 86
138 43
152 416
490 125
260 479
334 500
1 143
9 486
1 278
1 122
460 500
372 129
311 158
306 359
475 467
188 382
177 84
87 320
112 39
491 110
1 314
321 185
33 500
143 113
1 429
97 161
1 345
267 500
74 429
300 317
205 447
278 184
1 208
90 500
275 24
306 94
11 93
459 500
276 227
242 484
449 197
76 123
23 441
393 500
1 68
307 31
90 490
269 356
126 459
491 262
1 340
499 162
65 163
354 163
195 309
230 441
9 119
79 132
123 467
391 211
368 176
239 492
13 500
32 287
298 500
1 451
83 52
226 188
1 194
430 409
339 261
125 33
373 493
447 277
110 407
278 35
408 2
181 220
44 473
20 84
362 175
340 384
207 191
297 45
60 211
144 209
349 34
126 30
269 279
1 453
421 164
92 138
46 432
305 338
426 111
91 500
403 484
159 286
356 279
202 265
100 249
297 74
215 336
421 29
476 347
244 88
154 473
1 242
211 500
313 260
91 280
1 397
1 375
107 388
85 63
477 318
249 182
199 157
55 153
154 129
92 43
199 214
333 500
355 185
451 8
454 397
391 174
155 270
16 482
310 281
190 445
409 323
498 175
13 31
333 338
1 230
465 298
253 80
476 72
324 500
369 214
84 218
339 404
248 200
397 153
202 252
173 319
215 34
480 379
483 298
231 468
96 337
419 238
306 485
94 500
171 500
96 17
475 456
66 157
117 374
170 423
101 137
273 392
485 359
333 305
172 348
207 45
230 32
97 280
297 429
112 402
73 314
449 482
265 252
339 8
406 184
430 143
406 500
30 450
120 239
407 93
310 322
1 304
371 328
1 62
394 36
443 348
1 174
228 500
183 334
108 281
409 500
499 300
260 330
81 403
88 252
392 432
212 444
94 359
311 141
1 178
144 286
83 485
484 500
1 58
141 500
90 125
279 500
181 298
22 270
93 262
101 482
351 17
1 76
31 27
29 476
373 253
229 152
1 461
483 181
447 500
475 76
413 117
229 438
108 322
322 281
117 352
20 375
80 325
328 337
376 334
108 190
137 197
177 375
412 145
178 240
1 374
409 143
404 8
405 318
1 39
194 34
369 500
226 86
412 183
368 211
307 13
35 406
301 490
499 317
113 323
157 214
479 330
1 16
106 97
1 180
242 340
362 498
463 500
404 453
52 500
399 446
273 245
1 413
276 222
395 390
354 275
281 445
468 227
297 191
51 238
24 163
94 52
264 229
418 119
434 500
230 285
307 361
208 177
175 448
147 446
486 294
29 164
419 500
368 60
131 216
1 499
480 22
1 152
476 500
336 500
208 218
392 46
215 194
1 101
126 193
1 490
339 453
278 341
