75 1000
72 6
46 66
63 45
70 46
72 73
34 33
19 20
57 23
8 51
18 36
14 71
17 48
27 10
34 2
17 21
46 49
57 5
45 31
52 44
71 23
63 31
72 11
69 35
16 13
45 37
58 17
62 23
42 21
15 67
34 53
48 38
2 34
57 73
37 58
45 26
33 5
69 73
24 9
44 48
53 56
9 18
2 56
50 62
13 23
68 19
18 11
19 26
32 47
36 26
44 67
11 52
40 43
6 31
37 21
56 29
19 61
28 42
36 2
21 46
30 47
42 66
75 29
7 22
62 47
69 25
55 60
4 38
2 15
67 63
35 74
67 52
54 56
24 52
33 4
41 61
72 16
33 8
36 56
27 47
20 50
4 72
64 17
37 50
50 47
63 36
30 59
65 74
45 12
25 9
7 11
60 25
18 13
19 7
75 23
11 67
23 73
23 75
72 12
29 24
5 29
46 37
74 37
48 15
28 34
27 53
26 19
39 71
38 53
50 22
12 22
15 42
67 36
43 20
61 39
22 54
75 62
13 27
12 44
28 22
29 39
12 56
3 2
24 17
49 64
13 71
15 71
15 52
34 49
22 64
45 11
20 44
42 2
46 53
16 26
33 29
20 71
58 25
22 69
22 18
33 27
40 35
53 49
26 41
74 49
1 29
66 72
41 44
26 27
7 5
73 16
33 35
24 65
53 20
69 29
1 70
20 12
31 66
73 43
56 4
42 71
64 2
21 65
2 25
28 11
22 7
26 4
5 36
68 55
50 8
6 24
41 16
49 34
15 25
56 55
49 14
47 11
69 3
32 73
72 15
33 58
54 5
51 45
23 35
7 1
70 29
66 30
8 5
49 60
8 16
9 60
51 48
43 67
51 13
70 49
6 58
19 13
27 33
54 12
1 7
19 69
34 42
38 8
27 52
10 34
8 42
20 19
62 49
37 34
28 30
65 49
39 38
70 12
18 63
38 69
74 19
40 3
75 16
17 49
2 32
62 46
68 35
38 63
50 18
25 53
55 68
14 21
12 29
52 38
33 7
45 7
8 39
75 43
64 51
61 59
14 61
25 27
44 54
29 49
14 20
61 30
22 32
70 69
28 9
19 8
59 23
56 22
3 46
65 56
72 55
11 56
48 70
57 33
55 34
19 28
51 16
5 28
75 7
27 65
62 40
4 8
49 10
63 72
51 52
72 60
30 48
53 62
57 43
22 59
2 20
26 67
43 70
50 31
39 33
68 11
5 20
15 70
25 21
7 29
69 65
42 70
45 52
7 57
75 28
21 19
33 1
15 30
35 42
38 50
38 43
55 32
67 18
39 64
17 6
63 4
48 22
43 13
65 13
5 54
45 40
40 4
4 12
56 62
12 46
42 23
72 45
3 12
2 63
75 42
66 60
39 6
1 45
65 59
6 51
70 68
57 44
2 19
22 24
72 64
32 10
64 44
9 38
11 17
51 57
53 17
56 54
33 46
62 13
52 27
31 8
1 20
46 21
21 51
11 30
48 51
59 21
43 63
75 50
51 56
52 69
34 74
6 2
33 54
35 29
20 38
40 48
29 4
11 46
18 49
23 47
68 75
24 56
15 29
64 55
62 69
27 49
28 60
13 74
59 12
24 40
56 45
71 6
41 66
60 37
41 23
65 43
35 4
59 69
72 65
16 69
23 19
67 68
18 20
63 5
27 56
60 31
4 49
51 39
6 9
5 16
26 55
37 2
14 42
10 52
52 67
6 23
13 2
19 6
13 73
62 48
66 64
48 27
13 1
37 10
67 28
23 29
24 32
53 34
59 70
64 31
69 70
32 7
44 36
17 62
42 29
16 73
72 66
26 45
62 19
71 12
39 3
66 71
62 68
59 67
2 33
29 67
54 74
24 71
15 49
72 59
11 16
49 15
29 7
13 38
41 47
20 54
42 12
46 20
35 15
46 36
17 25
74 14
59 13
65 73
58 27
7 47
34 60
1 3
27 57
18 72
1 36
6 14
38 18
30 1
55 51
70 39
49 18
65 19
7 21
20 66
44 31
4 52
12 72
45 39
64 33
45 4
40 14
3 51
75 12
39 9
5 17
22 1
31 50
8 75
52 73
43 19
29 51
74 18
17 73
62 73
6 30
15 10
28 51
16 65
51 8
40 25
61 1
71 40
67 73
73 5
70 40
27 38
3 18
67 66
67 12
54 23
11 60
56 75
75 52
12 75
27 24
15 18
54 75
68 28
18 22
53 61
50 67
20 11
57 8
27 6
56 72
63 35
42 34
55 29
72 58
68 46
74 22
4 13
33 56
11 5
50 35
58 32
18 75
15 12
70 42
61 38
49 32
3 59
42 20
25 51
31 58
69 34
59 61
13 19
61 16
6 16
43 71
52 25
11 47
19 64
49 53
67 43
60 16
49 27
36 31
20 47
74 7
44 37
17 3
31 25
64 70
32 35
31 54
15 31
71 55
70 35
16 40
57 39
70 61
13 62
21 57
3 47
67 31
70 51
16 52
55 59
48 74
47 71
39 30
37 31
47 73
25 36
3 31
1 35
39 66
5 68
36 68
52 5
68 8
65 41
59 47
2 17
44 55
6 8
7 42
19 66
34 57
8 56
55 57
35 43
25 42
60 6
6 43
64 45
54 60
44 39
33 61
63 26
5 66
58 65
28 74
64 11
68 45
59 25
70 11
33 66
62 15
18 54
21 33
49 57
45 20
34 38
60 45
49 58
28 44
6 11
51 43
11 44
58 20
53 58
32 36
21 63
37 72
61 72
24 43
66 61
19 4
32 66
69 66
73 44
6 75
21 66
32 27
10 69
74 28
55 66
20 53
74 23
12 64
54 10
57 66
28 33
4 61
59 51
53 74
21 53
6 20
31 16
40 28
20 73
14 10
35 9
39 45
33 50
64 7
26 40
16 57
2 52
9 17
36 42
4 68
46 24
28 45
35 1
35 30
12 25
55 10
42 39
64 68
36 12
4 43
63 75
46 58
40 62
62 70
67 37
43 21
9 30
47 74
33 73
70 73
15 35
12 36
16 38
35 67
51 24
27 5
46 55
26 32
32 71
9 28
31 44
26 72
51 30
10 1
30 45
43 41
41 71
23 36
32 53
54 15
21 7
34 10
45 9
72 8
59 55
14 6
66 24
50 13
57 69
72 35
36 74
51 36
16 50
42 48
21 38
26 48
70 72
30 51
50 44
74 20
44 25
48 58
71 51
40 68
42 17
57 13
49 63
28 64
51 49
54 26
74 66
7 58
4 25
28 23
30 49
53 45
59 19
23 22
4 74
62 4
32 33
28 58
21 41
29 55
36 9
67 49
29 32
27 67
39 2
16 46
16 44
3 71
17 39
35 23
68 39
56 5
12 62
10 35
11 45
14 75
31 61
55 20
25 63
7 31
57 55
53 9
55 11
38 75
23 66
47 37
37 55
64 1
75 40
40 17
45 50
17 54
15 44
74 10
44 35
47 49
26 10
26 37
13 11
7 37
11 72
31 18
50 53
40 71
68 4
71 67
2 13
28 39
25 19
12 35
39 28
54 70
65 6
71 14
60 10
4 73
12 28
72 2
48 50
44 23
40 65
55 50
72 54
74 33
61 58
37 67
72 24
49 26
21 11
24 25
6 56
13 9
50 49
63 65
35 44
18 52
34 72
46 32
15 22
50 71
12 31
43 52
72 31
58 57
13 63
32 12
17 67
30 66
49 2
69 27
67 22
18 10
66 19
55 67
53 43
56 6
38 42
10 68
17 29
19 71
22 47
29 61
19 53
27 31
2 5
60 13
17 31
57 18
10 24
75 51
71 38
1 31
51 50
31 63
41 25
54 72
33 18
41 48
60 58
56 37
16 37
53 11
7 49
61 28
64 16
68 72
16 6
3 15
13 42
72 37
33 67
37 8
37 42
32 38
56 50
12 60
32 5
61 53
57 17
37 24
58 30
74 54
21 34
47 29
1 5
39 18
56 21
35 25
32 60
31 22
21 5
42 25
20 61
17 41
73 23
28 18
45 19
12 59
63 53
9 75
46 40
31 11
28 47
31 6
8 26
20 72
66 22
31 3
73 39
17 64
52 21
23 15
20 43
71 42
24 59
13 72
44 65
15 27
50 41
55 54
35 41
30 42
52 60
11 19
3 20
54 13
18 12
15 11
8 54
30 2
64 43
40 30
28 32
25 46
52 19
69 32
1 19
50 30
74 2
50 4
27 64
45 6
9 27
14 67
1 54
56 40
37 63
61 29
57 49
53 63
8 61
41 53
16 70
1 46
74 72
64 46
39 63
13 41
28 63
35 10
42 35
23 48
37 68
34 63
24 28
59 30
39 54
24 5
47 69
67 15
11 58
29 21
48 59
8 73
41 56
2 39
22 31
15 58
51 4
73 32
36 71
17 20
1 39
38 14
2 69
4 51
46 67
69 2
70 45
26 36
15 65
66 20
55 49
75 25
61 67
28 38
63 48
69 10
9 61
47 14
21 49
46 16
32 26
70 7
50 39
66 9
