100 100
70 8 72 88 42 78 85 41 23 36 67 36 3 4 47 46 34 73 26 29 77 81 26 4 46 54 18 62 4 98 36 16 22 11 90 59 72 82 33 74 93 62 96 68 67 60 60 29 17 32 63 23 4 16 16 41 76 33 85 29 23 11 95 99 18 33 5 12 44 22 38 81 12 16 33 29 82 100 90 26 67 47 97 69 68 90 10 21 65 99 73 28 36 65 89 64 56 59 95 54
57 60
100 100
67 95
26 76
2 48
35 85
61 62
43 90
13 34
97 99
44 86
35 40
9 19
39 80
5 28
4 57
22 68
52 56
48 61
9 65
77 95
79 85
93 96
83 87
62 65
40 98
88 94
49 69
6 10
43 88
9 64
52 99
69 73
56 82
93 93
54 61
55 98
94 99
21 97
36 82
30 100
63 68
28 40
78 96
95 96
73 99
39 74
74 97
37 89
19 69
5 89
19 38
53 59
4 25
14 43
26 64
45 57
38 64
97 98
90 90
28 83
74 76
38 44
56 61
75 85
21 27
16 18
74 81
25 54
45 63
58 87
43 71
80 83
99 99
77 99
14 17
82 89
33 43
34 40
40 66
65 98
62 81
60 77
60 76
71 76
40 79
43 52
56 72
63 98
78 99
86 100
70 100
92 97
6 39
85 85
31 60
9 36
96 96
7 75
32 36
