4839
115633 -877847
377452 -226734
144263 779803
-950231 488037
-378711 -193674
860853 -555492
59062 844735
205915 -273068
-64409 474206
-459178 -362469
713259 963482
-512012 313355
-766474 922183
-111797 664206
895453 983426
393032 -165015
-382665 -351414
-2580 496213
28895 -676549
222202 784915
963016 867608
12125 -927414
182574 -112252
-639682 -86004
264251 671280
705550 -619149
912960 -567045
313196 367848
-869483 -788649
129000 833149
731232 -767598
582533 -488914
645378 -427856
819331 774426
919898 -281737
-861884 -666315
-377105 344766
723187 752530
-56105 -895501
196310 755198
-38560 334406
-504588 -938798
940393 -580866
71684 -325823
748352 -714563
-296995 -404595
169694 -704274
-863888 654102
-452996 -981059
439359 -45762
-909703 259696
190187 -109501
-821296 -478698
123604 -19093
-530298 634727
-333119 -162059
823640 -293698
-356795 -718727
190899 -696099
239275 -243450
-248136 268992
427617 514059
-757226 -229598
-833936 -332594
51848 391332
238689 220943
704314 665780
-933328 215591
775585 432842
-531006 -17765
-318542 410945
108218 -84372
-154357 -710950
432915 589809
727906 779339
-471229 596161
-603989 -189945
425181 815241
456760 950234
-859752 293410
-536234 -448757
-24070 309132
578333 -927691
-490130 -685854
961350 -112402
124484 800398
-181202 344838
214622 65701
877217 510888
-823111 -586168
331180 -229859
-683241 927382
458765 -932845
-240627 -986502
-13081 311785
-876660 -832232
591945 73028
390691 14670
-526302 248661
-71264 -835603
925762 108673
-207641 -51219
-179978 515505
-130576 -57300
-305357 -31648
-983833 -826262
841319 -504343
180549 896241
624233 668695
922630 -317840
650130 4785
225089 -154608
737679 37910
382855 -340194
-572666 -914199
845992 457603
83083 701868
135073 478152
139492 466172
92212 169613
-995572 180325
-72821 844387
736880 -778867
-395274 -518291
-590202 653212
830876 656100
211060 486075
292654 -656317
-988361 866959
896509 -279576
981061 -962908
-528010 -406691
532882 671401
-242783 978057
771230 163952
438454 -828829
415651 662421
-964951 710367
-784111 647642
-120455 -316648
-111984 -146544
105372 -914272
-851362 658159
543937 -244304
493178 86071
-431005 272219
407004 -541620
-814111 -885174
174337 539362
-678095 995626
309305 572402
-368102 -287644
-998286 827053
219544 553196
113186 -458135
154701 -280373
759932 638878
213212 -946316
302662 550978
975931 -657309
-92125 790806
978273 -813962
996711 -120418
-405042 -221618
-332649 -680034
169897 252424
-684483 202516
499213 346552
81984 -329348
-369138 -57432
-734142 -683183
211430 756676
6725 926537
-423353 -201294
99997 -182743
-56722 357724
389987 183261
73828 -112710
-75273 931754
-82106 998507
23423 252107
-964157 -886709
193196 -489215
-220199 928748
626863 992155
-928513 -55246
-215420 426906
218144 -156444
-962342 -668264
494878 -529318
343426 -288486
-522207 -388738
-950894 -165877
-943242 875322
266533 574315
-30709 -558133
136910 90720
-496049 359252
-242121 -488265
363951 898373
-357365 -904682
-585573 384869
246019 -791204
787500 -620065
-96603 -175184
-435574 584142
-473614 657279
-126602 -799409
505418 -247620
-767497 -266050
709682 187246
23899 -161774
-449107 708958
692664 4574
-203859 -922504
984031 -250259
-996416 58420
-494369 -460619
893601 401036
-600003 354151
-479557 -818737
20731 746706
-522236 985004
-684156 -904314
29540 143563
908246 659408
-122506 -475916
-179011 -168780
-856409 27751
-265427 -710521
847769 221699
-906175 -182680
-376471 590741
688448 186467
-308631 217152
10364 -280514
71967 -562270
-962227 127949
-839234 -764652
-863752 -860323
-550533 -146465
941610 773866
-424613 -4956
-267833 -973365
-719045 -766702
206438 -110603
565356 -687454
577652 -281397
431054 213431
-82399 -789361
-67984 863069
-423582 203355
473185 83174
-230805 197521
-946394 -695563
-994237 -314612
473149 -550263
-177180 -3049
804094 -695593
-799631 -66490
290021 574941
-58445 -71394
-118154 907815
-840686 -821228
-303301 -647066
494790 81567
-128982 -51358
-187992 843442
-182184 92598
249340 -111646
555557 -211583
831673 -638540
652021 -174006
938150 159627
227605 -548869
-827367 -932094
973172 558407
458176 -903995
161445 676906
-37229 -361041
202600 -447720
289560 -552121
-197909 -473096
-572157 23815
-630853 753438
638129 753227
448937 -299973
-745139 826456
-737992 -561779
671120 208533
207386 -209801
-112786 -685764
-405533 22487
301081 59834
-14857 868382
145622 942188
884485 716367
-254472 504950
126041 262656
-268090 -337579
856330 13149
-604244 -702572
518402 -372163
334171 904610
151820 -945465
865759 -493157
-500515 784485
-654741 782317
-679339 739508
410975 -723763
-673977 669635
619287 -618094
526422 500497
-801599 63436
135176 414221
462639 896321
-569515 187477
-618000 445630
-247658 -753249
-349527 -646028
414695 136908
740555 -598448
-991384 -200151
529376 -529672
321366 342656
-799331 416294
-803933 396625
-842993 318430
-414095 -762930
-101820 844456
-428602 -32769
-970805 187444
-161284 795861
-440929 -388330
-986715 -304604
-283918 -525265
78427 -893306
900627 -718950
-951774 318497
419259 248028
147237 -292356
872445 891120
-58123 -686144
859405 -182896
217318 89995
606531 380242
-517319 -560241
-159242 593217
993385 -798830
-893489 631726
238848 258585
175438 -826994
-891412 -802532
235316 -760816
876165 -887788
-626610 209081
515679 -18361
-105665 -62486
910977 -688533
512895 208118
-606079 -774737
681915 726663
851142 -214999
-870874 94484
-41417 348694
-607727 120996
-30748 445673
-762724 806371
369869 -56929
281300 957626
-65193 -107270
923381 -434318
861506 952506
-678956 -887295
-886690 182687
-447845 -232477
-139140 56042
694505 592941
405102 -605374
-804297 -887412
-38922 -964267
-702540 461646
528461 244912
528273 898759
825143 465910
170126 123277
181895 509882
852055 845205
534933 -63959
762299 950428
-858664 80821
-129094 500189
-740657 448126
472451 -339552
-800012 -425016
451160 -885610
-480912 123450
486127 -333097
-967962 938092
-725416 -524312
540578 -879590
462115 900335
-936652 322819
558031 68818
141884 350563
-398891 -416771
-91848 -159272
116737 -769723
-99454 101610
-875231 404969
-872276 760153
478483 -207457
24332 -784841
127637 -38652
-697137 -406881
125763 28515
-627900 362535
171371 -157662
900533 932777
-48076 -302079
97351 -772312
275713 -96664
-780025 388018
-510568 -341333
318264 -254635
265944 -114559
-647978 -865667
788789 322802
-276313 559285
74403 337875
-810354 851981
-891956 943241
707486 -291535
-520606 -347240
-648590 -335236
-82721 868009
-561394 -398579
394748 -276415
100724 -246779
-54990 963542
222402 40225
988099 589996
756171 -302359
266221 -576295
-923728 408295
-743735 63445
-394673 -969129
-766920 -855624
343347 -459148
281303 483233
594451 -638178
-222700 126935
-606337 -350645
679022 -232865
109579 77607
-550696 -315192
478941 -508204
217794 635773
-852216 -850097
-689999 -697403
-837752 552514
-113236 -254154
-687474 515391
-485195 962588
-488967 164637
-45653 229828
431353 460487
707868 -700804
-773427 -887202
-230464 563859
342732 904769
908472 490281
279636 173414
974986 654892
248170 -477169
297187 -127964
158233 -521495
459215 833380
404748 642956
22340 569774
-952866 73085
-718566 950749
6141 -40473
505933 986318
-546627 738277
-922519 -774693
675915 -844707
-2079 -128704
487638 24602
-447381 136414
-531725 -366088
-155386 -406732
700638 -459315
476620 -368323
625972 375272
240124 623414
770872 529035
89377 683254
798081 -706474
754977 167082
188760 792043
-599564 -962696
-736880 230465
-773967 -531447
-726881 -461260
826838 -503411
754214 -417533
163725 -4429
652281 -923557
-321618 -913840
-561089 819664
365976 755729
657535 164862
-831581 -617406
712621 -648928
506478 -415559
36808 -354859
245138 -210362
-850847 205096
896949 915873
-909484 997256
99459 772339
742632 330172
184040 -252073
603637 -364314
660988 -991096
-383246 -411551
-651834 -463085
-992760 -619797
889852 727732
-720694 -853476
424106 546808
975558 -717901
-847500 883798
137015 115782
-334179 -339087
-704688 511136
-293416 -175427
-975749 -498702
487125 436069
945186 -714078
488351 -659948
354070 -311839
25038 449631
205765 -337020
90063 88209
-314861 -189448
180066 -900542
982753 74384
366233 -796463
-488534 846878
-687219 202865
-486975 20864
560474 -467009
-33826 804305
-536930 555284
-348584 862332
760593 -793630
477732 746017
-640808 257624
804086 630767
-486354 -11745
494523 327309
-564623 451254
794546 426902
-731881 469282
-795577 616168
-336124 -201144
-736342 -840815
303702 196054
-474472 173694
-250777 -863992
512094 430488
648802 667307
-143239 -83060
324636 403904
585794 -649625
933691 297528
-261116 523780
-919363 598052
505933 601610
290305 -380143
623619 -163691
125284 510962
413074 -853157
507536 301725
-563899 54433
221663 155543
-41103 659250
-532431 -348209
867140 425032
-771946 -837287
-913241 -207228
419173 -418004
-667687 -153625
881687 817232
163687 -804679
283041 814146
828329 901341
32109 51851
880619 90541
-933277 783570
529252 -558374
772067 562605
477984 -960664
-305471 722420
-916996 100696
-486853 372238
723599 930048
493694 -201856
768559 3470
-520958 -298822
-231687 453290
-671283 715830
764184 362016
-966779 -178583
-299942 -766415
-209611 -252042
633229 600822
-662000 535279
671763 -445185
-359232 -754455
499371 -408741
72017 -1408
-981117 -724991
475182 -438026
864716 309887
555415 407022
862667 -991685
-13199 646442
632073 86554
354570 -703617
329611 -828982
-660706 551096
-212991 -553965
54682 -372286
-342796 -331342
364135 339953
-521671 -936721
617389 891714
-53881 68442
297183 181897
602501 -525706
-533103 -522698
333255 -651067
686863 745920
503183 754218
716130 670202
-966504 13471
-50200 -548765
-635459 -621304
642751 -61571
272985 -145212
-2148 654952
454322 -755432
239739 -471984
-672039 -490235
-183348 -440184
927785 837379
983228 -77375
562247 -33780
465255 741035
788166 -130755
521193 724721
-892860 573868
468621 311537
-186552 -553060
-274254 251789
-606041 886000
178055 575171
613332 -699592
-555776 411977
187965 276997
-328720 -108744
-952942 -973946
-899036 154757
-487333 -482137
395565 961779
-570412 -158885
-906182 -906996
357612 -938850
-954804 -366574
-584096 -343179
543764 447321
-747757 531396
977390 473050
-104972 -624536
-6261 260713
-428862 -672533
832248 622344
259136 508052
-477901 845784
896155 496508
-173421 480275
596590 -399225
723935 -386672
492270 -274034
170134 944083
-574188 -54892
-336957 688420
602489 134796
563769 640996
977425 -16767
-985487 -639218
186938 824601
993350 -872911
390268 -720658
-739423 339996
-164814 469848
100018 320609
-261508 320280
-183270 427252
811587 640292
864074 -984594
-503137 -294204
295097 789016
-556397 378273
826409 442450
-918485 -857025
-600053 958148
919653 426896
89719 241054
-206096 997297
-179945 -813306
816717 636938
316634 811316
-742203 -268047
545685 889682
-155871 189445
-567872 -795687
863454 -681547
793748 -351100
564026 161066
272377 -591524
-412998 -988240
-361083 -617389
-495018 -102823
78630 -639037
65355 -538669
-670605 -663943
-319978 93817
37425 -542966
-753699 -406681
-501469 603585
-850391 -934265
572498 -772393
515098 243261
93422 -87036
881410 -991682
-891523 -799991
222292 46908
-41634 375603
-49899 -391223
-118582 375040
901332 -43221
388827 -600288
967984 -424320
472108 -559817
565090 -563918
-842210 -786241
-185178 -150809
-721433 430880
264811 189346
-303242 -316986
321418 -201981
-401465 -19727
996635 239599
-188172 588577
251255 -401917
-318374 740398
-502872 390151
-59282 894749
209246 199083
-604489 824250
-577471 371489
-463492 640325
-858641 86656
-216237 -337926
-723751 934387
-948825 530563
-462854 -38003
991860 233990
42966 108590
937035 499918
725045 772556
411093 -438582
-719333 -127946
699615 -300689
-151298 -42782
585205 624352
-656197 244424
-897134 321160
-878881 350025
-651696 189295
-68843 -178707
-241593 -30163
388924 -689019
-246620 -941346
995936 749929
726934 -667933
614284 -506362
-541524 -1925
363027 328221
879677 -206219
-477507 381139
707268 828905
-240735 -742031
-472781 159653
915690 153517
643423 -509786
539810 944550
394821 476950
-226043 652577
974487 -183460
-709130 -984143
-355189 -52401
-271207 14121
-180243 -39217
-603057 -65381
388116 -843481
65027 453262
-292745 209781
-793866 877197
-558957 -183354
861315 855801
-669225 -16050
285676 -876993
-507880 -755797
-508423 32661
-614100 -692972
-19778 311601
-211168 687735
372475 -695229
230807 705820
534948 -878399
-198217 199080
271837 -625881
-484056 338475
240653 -687103
601808 30047
-235635 -354016
-118945 94430
238631 -999689
-147818 217666
850632 988871
831369 -126545
-396386 544887
-97466 -148037
-504979 -101768
551809 941697
758292 52274
-126692 42303
347093 -733851
870149 945082
265702 -412778
550321 -372067
-912716 159869
-313012 -468112
-949369 -456573
775825 554391
-470920 -791060
-832453 166702
-118571 -893896
-615161 -960304
-644471 -326051
-585215 189808
352969 878057
-846276 -882852
-587115 -989735
287475 -585812
-595401 -552241
-372088 -296164
-283516 681772
-740707 238541
-984327 -950365
223996 125487
-89657 471289
-261967 678784
328461 321103
-284059 -426600
779885 -373391
81895 865972
-165907 515493
-882661 -522439
-51007 789306
984549 959240
24409 274830
-301269 985200
-664195 67094
660511 -388350
-76800 -944625
-687118 -472857
900021 -185134
56452 280093
154219 438755
-418512 -212620
531255 -626980
-123119 483038
-768073 475559
714722 -12128
298786 -250456
-24612 697531
859283 -191737
235946 -304909
-381585 461072
981203 -397916
-989370 -885955
-685152 -432121
326247 112943
-608624 290484
-107568 -15378
-71621 169992
-47444 126700
-849376 -909474
853889 851131
503233 -819191
456248 -72658
96697 986094
-544946 761125
319303 -875652
469430 396287
-152184 -521305
-166200 -661188
-248125 -30026
110652 -109012
-950903 423218
715990 -188178
772087 -943532
-667820 -375797
-993515 -355822
133927 -246688
-183867 -458653
363671 77764
171719 960803
546023 -828213
479277 394640
-594400 198876
-957965 -982755
510157 -187406
-476775 -403042
953907 879177
877624 40572
884723 364853
554409 -114115
609197 -682113
180203 -565418
-674304 -45093
593499 393993
-762978 37744
424418 -241885
-930500 -372243
-492444 825194
960408 432624
-777237 -971641
326025 910306
-469462 -81475
-585779 -561961
-21047 -752396
-77094 -619532
379547 167989
-820811 933331
-888307 -735576
-213651 -484833
-98959 -696714
-551298 -755918
52498 -640338
-578809 220185
-7096 794437
-286251 -654701
-777862 -670928
449675 -840796
805569 630926
-513194 373818
-888440 107200
265976 -335387
-502977 -696861
6383 68295
-713364 473604
465993 990049
303763 -225910
885692 -653399
912572 -321989
647802 178869
428143 -611748
336837 824443
-219299 -19071
729038 294822
145438 465992
-771177 46178
-508117 -535258
822005 -611276
604089 -75690
604731 -502616
178862 -105321
-22933 130764
-418669 877598
500335 -37560
889829 -435730
456040 537067
-163764 294340
898758 -775350
487990 166246
-296416 -764010
-304561 990913
-121754 416888
-37067 384487
751094 580331
-165779 833823
-472400 669183
-990814 -285169
-108128 -917636
-137937 985439
760499 117989
627737 -800525
-207457 -977828
960603 -791473
743043 395323
452202 396624
560977 977706
-778521 274465
-452822 176791
-973210 50803
536388 -636622
-740398 121518
-859318 57714
-962587 132175
540111 -85082
-819578 913731
-229724 -53333
-342991 -10025
-34928 939029
539250 -803859
-127098 -203025
-856869 -57073
749904 259903
841192 -67771
-657299 814049
-518035 687160
-552302 875184
270661 619329
173628 333154
-210217 -163822
-333864 117273
48054 403544
-465832 555169
-859935 -981920
469457 501932
227831 818283
-5473 -461439
55755 87868
-529920 390237
-464216 -753729
-931751 692725
204491 34693
194294 398946
-849567 -501049
260146 -658295
-882008 -61885
52587 784744
-215023 460258
-745300 690684
-760710 -346145
-203514 984062
-589995 -965460
120589 5985
-463215 983872
-50321 797755
-359855 -945125
505284 -59545
-939200 -231847
-725186 -495439
-772074 -57290
-823259 -548418
-341866 145636
25940 -668537
-775648 587149
-389011 -395742
355329 799213
640203 -631751
539341 997281
-342061 769629
712128 -423607
-499061 -298876
-362803 -168009
-300686 882443
-434694 362950
690749 -859277
746451 -384010
-646851 -149014
-98453 -162386
-541114 315710
58556 81676
456716 675272
158897 401924
498827 -43277
-176636 463463
263143 -898929
-225560 957981
235043 544323
-780200 -757195
-425584 -36222
-349326 -200309
150342 -473259
-200210 -647841
641887 -767885
-967751 720590
702 -952126
-169359 342458
420309 92253
486496 -47980
-771499 790537
-918281 650765
713893 476354
406577 -59581
-659410 489147
-277364 -294944
969569 760948
913476 -610128
-569576 466605
959215 886428
332678 -940946
-855259 -550870
-654497 905664
18357 416144
-674275 152625
828896 -412214
-403913 -128820
417355 651867
-955561 -354993
404913 341181
789852 357560
-99122 810891
516518 580280
-713000 803179
-251037 -987598
690724 674999
438800 -533346
830459 139899
-382468 -320776
-24624 -612452
-539049 -527503
40133 -96445
-11254 531566
900439 94518
268085 80761
360842 -470625
478672 -411062
712508 788838
-849887 25982
519420 366057
253141 -195356
937939 -557581
-552936 213172
-241625 202601
231509 -844371
148726 557619
-675923 -441023
-237703 86358
447010 336815
-920406 611452
37060 -807307
779249 -288412
-415636 269887
-420546 227989
237787 -306571
-245533 -150260
988700 -721645
245421 752360
-709540 -514312
-672703 -979276
784023 -651827
-366686 631127
850943 673360
453032 -918853
-657534 -340314
292853 -210711
-312967 87901
827364 183859
-551778 -196576
64012 -149539
813856 -264993
-379806 -633271
575380 -406458
973692 717344
-617828 -357901
-378702 -127658
-880754 790249
-291465 -550693
-563077 938467
823554 192387
610772 725154
-649793 -838170
-87461 -667248
743313 566774
820070 927610
836450 -750850
-453062 566580
573867 -560970
290975 -396443
-503860 276266
858274 -136863
-817693 -289070
825627 -337014
-105152 361044
466434 796961
-911973 -680020
-495783 -190403
-628072 603687
-891545 -301982
647966 -476508
148266 -244625
-262336 689166
-370419 132765
-306133 240332
-366833 -586084
87941 702532
-590226 -142592
-915429 -770919
-424645 452746
442006 -378798
736904 -510330
378635 -922485
622533 372000
61757 -856977
314041 -39791
819764 395045
-907230 43623
-625162 495555
941556 545396
-13622 -744968
-454554 -207568
-429604 -993503
-933664 680268
359300 -78759
443675 -648454
-223536 -195952
-46912 -386300
650978 701858
-74548 262895
-797706 -880413
280619 730995
31789 -428069
-846472 668444
349352 -86513
-83627 59521
901266 599905
-311053 844543
940274 -688194
868718 -929199
-953521 -118498
-584266 -69453
-191565 774671
279974 -133303
-261328 -111063
-745463 174088
-955502 464992
162010 783850
259898 565907
-512101 542714
537043 -791858
-863157 -5755
333233 361156
-83505 -297977
289579 -234390
-519163 -476429
487121 917863
-523074 506320
-527641 44789
-169283 -312819
458240 281676
-19496 203460
-710117 -110900
-172544 752801
-571040 -947918
561994 -54968
2867 996227
-724868 -577407
769618 400198
-811777 -968551
-275470 -33633
355100 904014
832900 -556111
673040 -982675
105386 -594542
344682 -277458
-791395 790484
-148041 -794540
165251 761455
-37273 -828509
-266132 495843
492520 -931304
738713 299937
996013 -388357
-753651 33790
252647 -787124
-983805 392008
-129680 524554
739178 -595931
-402478 -955719
-362009 -431215
-391219 -587102
604590 18730
783498 999201
-82170 -118723
657047 -437677
-640965 -607101
122799 874820
-724216 -135366
440446 615134
-952867 -533859
404882 -813658
702131 366139
-756145 780952
299718 -453399
405231 598036
-949382 -974233
292366 158140
-271998 219858
9307 -297111
-440195 302927
-298986 -46837
633125 676958
694584 -953086
-795910 -852679
-251454 -953479
287711 643494
-156023 78877
745542 -482972
895632 -481248
-67649 792111
41653 488038
277071 180163
-199987 -15653
116301 589241
-540934 -933270
775568 -923687
-237772 -511798
867686 -365323
-262895 -156494
837266 206449
-67366 -993305
-769860 -339374
633413 -902573
293776 -204750
970116 -90691
694385 -960105
-594408 -814628
347614 -985531
449213 21674
554697 489850
290397 -606021
181906 915325
-261031 42526
289162 -268128
867339 813579
-213336 912567
-507058 375897
903579 64881
367482 -415433
-14628 -143513
13813 -426498
-924317 745353
-417045 -594223
-959339 89866
14580 263947
-866766 -773578
-496844 121249
-731759 355436
-117057 -533650
-279327 300809
114859 -11908
-695186 -89335
-490377 209603
176921 249128
-682602 120598
-291057 -163855
-687773 -909934
500743 -970149
-126382 986691
-470086 -18345
633776 -740091
-937415 820656
9625 -120764
-582033 -70144
-868785 -399978
684542 -874164
-987332 -415928
-87711 439551
173200 327061
-172248 161473
-568506 -4309
-292686 -791625
-92833 -737850
-398870 296241
-662559 389990
-718089 -713483
369479 923850
-15241 868980
660752 -991093
776514 813004
-886069 124620
531937 -583554
615504 142879
-343342 -581979
916150 -342596
49287 9411
712675 -522281
323373 -7978
185220 -95595
-599538 692957
-976469 180222
376455 -2448
286424 170943
-188616 -302999
-163661 -38461
-396897 890058
624548 562078
-9779 -471488
-194636 485699
290652 372380
702396 -415296
-660169 -97420
-867092 821300
386310 -865455
368438 667990
-883838 845935
544361 243222
-490961 979535
-54866 -408521
-171135 -879567
539643 -659344
718647 123331
560077 672853
910645 303690
-855083 -692080
-98795 164367
-732045 451343
840619 -454278
716347 681883
-861860 383044
-139953 -876584
-457568 778827
166638 5007
-980940 952752
399802 -326192
115929 -751485
610468 430822
-607596 100765
27476 10041
574967 -64211
-134665 623852
539251 -995433
738750 -115319
-955071 -523206
426533 -707574
-606065 -309256
-400735 377669
39883 496854
-366987 656868
570097 208939
651752 402755
817731 -344427
-278734 -278520
554340 959660
937326 -296330
692122 788871
660370 981497
784737 -430214
940945 809149
-703108 -591286
77093 -346920
-421468 -559907
623762 -16355
-149054 397460
553420 -217508
765847 278957
-85865 345522
-735449 25072
58944 52120
843528 -161022
-878969 627946
153880 -688687
907950 -655263
857456 905673
-421094 561670
243785 914735
358668 146020
588113 -676694
-912750 69604
120158 -641222
-991834 839607
545355 351425
795120 -308164
-475092 -865857
-936326 751240
489206 728451
-961618 61817
-514679 805608
988237 598186
-294458 449620
30585 386755
-192368 -830532
325681 -645392
258754 -633903
54059 -616335
367866 -932022
867997 -270389
338800 -178907
256718 -506158
389572 964698
425694 547644
293577 -251886
-804111 -336817
-793369 -647399
867777 631952
309415 -523431
-226989 692010
942695 728610
-57130 -570997
-63968 -981256
344762 -840290
-383178 556668
-872738 249444
-689307 856153
-702900 167880
50012 -494562
-856047 236067
-429337 698673
962805 751163
647824 829434
-922558 562357
670780 -668719
-22450 529452
246884 634281
106678 561125
-890427 854480
-791012 -439765
66068 164962
-993400 235416
604262 -103048
365852 -885650
-525863 -817051
984953 700565
-160621 316979
-290027 120944
202649 899997
896927 -139651
-45152 845515
176851 -181251
-643456 -64185
-966470 -186706
618822 820280
130570 -71462
-990748 -485502
356877 -132183
-933143 564165
324127 564776
349185 640835
182581 -640670
-62764 739758
-307050 301308
30016 561931
99899 157197
837885 577648
-667447 741991
-102324 521876
4143 145103
731898 -434669
237731 607322
-829268 -122048
853824 -517693
275170 967960
-966278 703195
652128 216415
90352 -104523
202028 -237628
-149015 698585
-190589 302316
643356 -982612
-924316 964435
705027 577535
-758596 708429
824937 678767
304581 -20326
500750 -470276
608784 -953307
181799 589086
379956 271359
-247005 -187543
752135 59756
315717 -629641
237568 -603779
-256813 -611211
-405442 -592133
566807 -986579
-564296 458308
-312726 461158
-8986 -495730
304282 -543137
442003 521647
154290 364770
-792128 653912
124227 -180121
-776697 -779547
-471681 -880483
-176028 256982
850877 -212962
-658513 580781
-202696 375793
713246 -168396
635082 531499
-110743 39537
29000 -920255
-748097 -161485
-287240 917094
-136013 -413123
-240454 936902
-452965 -638633
-289946 158654
675722 667369
818674 360697
-133981 -984354
896753 692259
-148909 33503
-540654 -576039
-691214 -717746
-579453 81198
744100 922466
108713 -229121
777984 649621
134779 -492605
-420061 916642
-603905 761894
524341 705094
518765 482617
-229190 -323551
613814 795185
-546534 -291870
-32975 609966
-62646 272249
-59804 -700524
-293664 -913790
-548397 311813
283620 -172792
-518957 512223
853996 -775172
565698 -341746
-13988 -850496
-565595 -254680
-812171 -701772
-92183 -824093
-220998 -483396
397597 940500
422973 904138
87800 -867590
101661 -846669
-701461 520495
555816 348671
-319577 -336806
63844 -119111
-768450 -974650
67117 54337
820132 521308
769649 -402655
302704 473721
389743 -186790
879014 -627608
-558215 775835
-874439 618531
-431188 -784128
624892 387333
730471 208044
-442449 100918
-737088 106596
561077 -164524
161478 842272
-305461 246564
500780 -893917
613545 -740917
-626174 5710
-468389 245257
404018 776995
-536503 -112623
-123724 822310
231109 -86725
-973098 83436
-965042 -254862
315958 -448111
852389 -870969
959728 614316
631322 -278537
790510 -434377
-70418 344650
15620 -754783
475514 734339
994813 376918
443989 542721
505353 -377739
470254 -680699
525597 -37942
711404 236386
-675087 -183872
-573563 -132800
273173 -862123
-651540 -159466
591847 -223160
313442 -92916
111408 81710
-482479 95380
195320 -69243
-703927 -764819
468265 342185
968723 -640563
-481596 998459
-561602 -539865
-104066 -134005
590079 442441
-516863 -908638
-493060 131879
94933 -701340
586817 468419
366913 -386496
123970 411217
-52532 -757974
-664784 226175
189615 124078
-814385 760187
-484854 234230
800955 -852209
466964 942202
597238 -232978
415195 44904
-539743 -894382
422625 428802
-679495 469523
-397454 -827196
-475848 -684160
655879 412866
333111 921625
449324 952353
-298457 225439
-568975 520493
274694 -698126
887949 -996892
-695018 -139106
504359 727333
467546 268044
702118 717995
-72613 -383694
308599 -525516
-25266 -201489
-529073 401082
929976 -766630
213471 790232
-362121 3790
-734694 729266
445227 -408788
844353 55959
-533933 -100529
320402 835275
137522 -901442
-939036 226318
40956 686252
775159 -134890
-844555 -51020
-699819 -661552
-148700 513047
375143 82146
-82707 -369975
166586 180320
-277517 -824080
382377 965561
915218 497558
784792 54435
325397 -581354
796992 976910
-970010 614596
-685226 -311245
766329 243888
604868 -428450
304311 -211565
-584113 704150
415438 333047
530361 -504169
-129601 450864
-464177 -628363
-764241 434358
-974521 -319851
-245993 -555284
-583883 -755168
850481 -211236
247764 -538610
-590685 -720412
613146 -995871
-576454 -709813
83879 853734
-944430 -964116
-964630 971325
-993459 -89078
663468 449896
618639 949944
660713 359828
899696 -754798
-739180 -918529
-439101 -507314
523714 526344
-887571 255198
-580567 546914
164064 576325
72542 -816518
445008 656850
-110216 481220
-471559 449796
-646892 -108282
-967635 -651616
-915919 558797
804430 -850035
113523 -182660
-127255 -493703
-593378 403311
-920168 -92676
-815636 688103
-861133 -724093
-431852 -206087
-13033 942603
-324072 401288
251955 -659010
235412 -325266
960718 355163
-293081 728557
777033 -730104
176462 534411
-162124 -316971
104313 786885
-12123 76722
-643268 684228
853904 266054
320948 603697
142207 284246
641257 593583
559973 369661
-390110 -865403
-39138 -266323
75312 -123050
381766 330957
706448 476588
-527353 373294
-170608 344243
110233 -533178
415351 459354
905249 -534906
-636650 -113047
-461234 -735055
484253 -550232
-204356 -763240
-401534 707023
-241843 -721043
230828 597788
673132 856427
-159189 29546
-675416 -364377
321389 -99016
-532871 -120543
737336 573433
-570886 878641
649286 -62362
408425 420087
-38281 -519544
509772 -506952
-853562 609320
-447749 64863
-712133 875963
-313218 252836
659701 142733
-491744 491455
-319688 265248
-198504 657836
-180061 -850913
821061 371280
-715864 680911
905825 233863
328423 -607288
430499 -536247
737355 -146539
28280 728440
-434024 -739080
-914116 88634
-62717 -347992
-670393 -46994
655112 -216309
-888255 7731
443385 440395
600291 863334
-520775 769541
-440925 249235
271043 438859
-559812 770754
313983 -249178
-592436 -134901
464892 360224
15800 -675146
-397783 -772661
262503 657293
-539482 486138
515451 -881369
-704478 -258315
614510 82084
-192661 -463794
28880 383753
-676183 -283711
37495 -733305
152901 -781787
-94415 770117
-885852 75176
-308845 -872299
-887992 -449717
-604198 209792
209775 46429
-427989 -711165
238117 -385867
-630388 -56823
733859 -90213
703696 -343127
-571315 -11534
-230837 265825
647571 -903279
562481 597706
69199 65227
63929 -302067
-286252 149483
-531144 -488195
-868749 -310731
-794040 -25796
17977 121654
245959 -738930
-983475 -255604
-26015 -118676
-944303 368234
486366 -363382
585607 -198015
-394089 -8929
470545 -257373
78016 125935
825477 -74687
-65203 914393
275917 39878
-323646 699623
552889 626173
-759097 -572599
116815 502594
2185 978836
-172529 914036
-148223 -997904
51318 378267
-870716 -819261
-808329 505051
-629008 982255
478412 -653743
332441 -773943
103162 -172192
-979827 853208
-943624 -470665
475625 100919
-469435 615156
264547 -354367
-896977 843311
988062 634907
-92629 -878063
-892094 -322739
122530 777181
-387772 -93018
906137 554536
-923134 -688410
-524362 -366221
836766 -752341
-726991 19645
-818077 418289
-982385 266794
91805 -617395
-108468 55224
43767 -400534
881584 -184365
-218591 -951864
-568181 -347231
-474105 -675500
-284395 124551
876170 -11813
-252700 676935
-465510 456908
-163736 464833
-267504 603189
-429787 733833
155262 -493811
247604 231954
801867 -691133
404429 407083
343050 -608729
272336 966494
-753921 19561
907489 -123797
152756 692684
-515845 170042
311341 -631220
-930124 -966153
-628729 -933394
605196 606279
458163 130948
922752 580817
474848 353864
-343264 977231
-571786 246483
-151458 681065
-359079 -618526
-159569 40305
-313927 -313870
126387 740291
-333603 865519
377802 -837084
-959173 -435049
-983492 -303295
-979867 -519226
-524223 312799
-316083 -835152
956374 530780
-852373 566269
-745451 359039
405491 758382
721871 -843767
-674748 182857
-539954 397246
441543 951327
272716 595862
-252346 -820958
999661 988095
-371636 727134
571914 -651977
558827 780868
570248 -428643
418268 -227509
-918837 -904472
850083 577417
-918928 943773
-668367 -689633
440379 -190267
436480 270492
234128 406532
848422 -431994
-368346 160182
-974312 -827545
196247 -16951
250232 -731798
554684 -557371
823797 362148
-60359 655814
670299 460047
-492211 -576776
520258 -844379
-538552 319641
958776 -639369
-525677 337535
-29995 -639221
-576587 951996
419804 534509
-24320 -812006
137131 -150748
323001 469672
-214789 953175
735642 443507
-176943 157258
162083 -361509
149189 396471
-153708 -592600
371723 -722649
826847 -871557
-299381 -200416
-878629 -767684
-612634 172996
-777642 252019
-778551 317292
225076 -648075
-239870 -611368
934218 -267418
-20107 686420
-113571 -513243
278235 -833743
367683 -529129
-550833 -545846
-578622 -386796
-378833 -840832
-606918 -692588
-490958 886858
856858 -934513
763432 -486870
201320 -125839
-547328 940556
766434 685851
-241810 344268
38425 -990116
159912 -818
-510914 950109
769220 207581
422076 -948075
656791 750250
-276276 757719
634220 -429312
177122 606554
-506061 579045
940899 -581449
221723 602737
945117 -368316
-584483 702283
535685 477803
164342 -425490
-537971 585033
-373441 -568471
-67578 -668091
-969402 170453
954837 -214970
-275744 -587292
-927475 -825889
-601755 444445
-748134 809005
935980 -637554
536355 75904
-339630 -424781
-235921 746401
303982 -23875
-65456 -226276
-106804 -972701
719575 637900
237226 195065
787279 848716
487493 -751622
-376640 165182
386190 335244
417344 742847
725909 900464
883200 809771
-498876 39933
-107613 -506494
-372527 -825659
-16700 23354
-135011 732577
-947873 359863
-86195 -473064
-19785 622480
330976 -148074
-963005 -994421
-138955 467944
-446943 853978
648290 -735605
-601161 -965732
866749 -282860
588053 76207
-668140 -537568
919009 420875
-87123 491033
-727550 -750774
-962569 831024
-47953 -495152
638374 -854433
340086 322711
440074 -600531
-294266 -546500
-936664 282297
346979 -522993
-261417 379469
7553 -837726
-933864 -787219
635023 -881777
946754 -991801
372394 -474392
571318 326379
-836585 -452187
-473109 52419
-381471 254393
409227 -402981
384464 -605612
-502226 418151
-508589 33778
337298 23547
302106 157438
-94113 725201
893001 -969317
-897016 655899
-971481 331017
-493158 20758
56717 54234
-629999 -665821
-561929 56826
253301 -907230
-945118 7229
821802 -470667
-371364 314655
-332586 -394196
-554494 -144027
725285 -90476
869519 93882
-673798 -479794
164716 287550
651560 772446
-819507 -144028
-412136 37184
91726 -400929
582300 626167
-987720 -612295
154227 70588
53217 -774635
-779369 -189133
577392 264684
-139424 220891
-183890 -707234
-729663 194518
945790 -142943
848946 925506
91418 -844731
67009 -10511
-626871 620113
579860 -694668
127574 253749
905997 -777095
-942925 -541337
-904707 128700
673808 202921
-380209 698753
-9580 -80803
462963 357371
-705092 271623
323686 -75446
881383 783141
-309125 979601
-685546 -269716
-744566 -691763
985260 -634886
-913108 -714808
707030 329154
959838 814083
-559826 301100
141768 338546
-176363 716980
-160072 -518486
-602694 -548757
808217 308628
173710 974748
908106 215050
-494509 833668
-906414 -73796
-330968 267164
130166 419542
21650 -64805
-726734 -318499
-884012 665653
-281320 -668387
-422829 -626222
-553710 -554552
410008 862905
-60905 -856887
-398443 -21358
-632169 -429993
407349 705454
-114176 -8791
-779552 28126
495735 851872
171780 -641100
-564237 177726
-849408 973771
-358158 -812795
728410 -313774
-453171 499407
349033 782475
-801554 -200185
997644 -9209
579891 -71215
-457227 -515132
-358625 -381165
-84060 -729079
32816 -931563
-60890 -801035
154961 -355945
-548229 734757
533380 -290832
426543 543845
-550733 -114108
125376 76237
618277 539593
-319336 -896878
247850 -638928
128455 -328765
749648 169982
338272 534967
-659632 -940485
-135335 -81731
336944 -318650
706592 183724
-294870 -50796
-219377 277431
-32649 633824
622355 695166
596533 332214
272530 460253
804794 196358
-671958 -804612
326814 -508340
270240 -703383
719969 -433568
751089 -270194
-993213 -163675
-102476 730172
45116 20951
33192 991909
525571 893318
452973 171767
-971363 347725
-424440 -224530
-623302 -234487
555313 436686
99952 -146447
352949 -655701
208238 179903
-23246 320953
-923364 180482
-434783 675339
460415 597344
942094 665035
-489445 423234
-999694 -506285
-470079 10694
212446 -256384
-551674 -386103
-370158 922055
674230 319292
983238 -809489
317541 -466972
-956711 397760
-698220 985696
-184425 356042
-153496 677761
104579 836208
615494 937565
565037 -869870
929762 963334
-821911 -922777
-762817 795559
687320 -763541
893627 721065
-982896 902965
701757 340101
573496 -18210
947986 -844290
577077 -972016
-568914 -743871
-119110 -837494
819323 -60276
-557780 189248
215860 -918021
178429 -211906
779643 -904761
153393 888729
-562424 -329306
-403702 -904062
-754089 -129696
436690 401955
531561 49292
365254 394971
707360 -812845
860950 889086
800183 -772298
208922 -293952
949360 572531
-377511 862801
836211 -916383
-511517 -757160
-845107 739936
-454667 362130
806352 627726
-199447 989695
705721 -977141
-865472 237763
-699373 887179
82362 114064
-158333 220843
-929608 487682
114950 218771
146653 -424821
244583 948717
486766 -590218
26603 -756067
-850296 811321
631593 43521
302984 702332
-644458 492919
-575081 946643
100672 -867459
890675 437213
-435051 -278516
980293 733373
-393229 206686
-160467 -623692
938391 832786
-600628 -132034
-364396 -961014
-684255 739315
986838 -807575
555481 811005
-787059 66747
928893 31608
887651 -192817
201849 3601
-40374 -298199
-984600 760986
971769 -993698
694816 -768756
469864 -385265
-838790 -875335
-148404 -65713
784101 -36313
-902546 34968
-326431 -361341
-812659 445542
-164988 854276
-479050 265117
-16152 78641
225399 321247
-257947 -347022
225295 -320916
230881 895349
680937 -525234
-596570 -136611
428940 -454769
191797 -711979
-25894 834031
-979930 -566274
866400 761517
838449 99452
324717 483464
-14276 -300173
-388321 -421454
33284 451495
-290645 483675
-96964 -449853
-481120 -399763
-953043 74018
9163 -866773
-260070 -533147
-540973 646345
-887719 -424270
-413009 193285
153417 -116449
-836329 767247
-946003 432717
-257221 -166918
-770456 481375
-627411 266227
927038 51879
300497 657792
680083 751350
-415060 -923434
-545070 -150491
309492 -219654
176319 -296596
821488 181661
654595 -696884
-396642 570742
194752 -210316
-596723 527072
-979646 141533
339921 276232
70028 895782
-694100 -82559
-581336 -301532
-626468 -191028
-82290 -585598
294571 -22505
-743324 -830059
413836 503300
-532187 438229
-902884 269445
358166 -412645
-688055 -324348
-796881 826708
-450579 -989596
718886 123767
-437948 540397
566125 384541
-185356 944699
492052 -559855
734647 667867
469666 7693
550055 -685710
-254563 670631
490577 -255779
-912588 150650
-531678 -563714
164054 688714
-340633 -16151
-52778 -928122
-560319 794867
-239788 937801
566731 856112
-405180 -583814
-41546 -152931
-488868 821899
-645206 -275334
-268374 234717
218579 -786133
-771205 301280
-383825 -904186
149676 52334
121758 -714493
145872 -562123
-586619 644730
474449 -665718
703195 696240
980883 403694
-909584 -417632
796117 172321
-355681 -583979
-492912 -650716
212277 -781471
-255728 23781
83053 341033
-191858 -386249
-509374 -651793
199478 944350
-777222 992232
-544569 -205074
-535087 -664298
-975684 -48352
-623112 -165723
990183 -174608
-642377 -787700
-65813 -607782
-469824 -627969
86229 526979
309352 458431
282822 -785913
-278087 -991091
319430 812621
891269 -811924
-279699 534379
243444 186740
-389302 -760773
-587679 308632
-827418 -148044
-319793 810599
-395416 -79960
-408892 581058
761105 -155864
-56552 361596
368871 555004
-470524 -258104
-685916 42937
949368 -556852
-58850 516172
-41801 344844
408107 -81592
-423264 -241838
241170 600511
-755312 258380
588223 -400058
-142839 678775
415406 177706
-384569 -809460
153503 -794387
-521639 199940
696112 376650
-5811 237546
-754100 -785210
412070 -842942
270128 151852
651291 -658972
93477 -677120
-9338 1635
80266 590071
83987 -985056
-879921 -422698
611960 326667
-738620 -261310
851354 383955
-957405 -71596
-643005 712775
940997 639599
-722552 -909124
-590776 -619571
-38473 152673
-251517 -856470
-564984 -742107
-645167 899872
-700872 -88198
90629 973694
645872 -252504
470542 487397
101492 -415126
264101 594735
-844918 523603
704078 -687305
-988018 -457530
-200938 -473286
-753570 -917819
-652583 135516
-159149 -659664
963338 -374212
-850257 -663074
95952 -5810
-795849 -23787
-531610 -625612
-974447 -291778
368777 -4547
443803 -471938
-9343 778271
378746 -756279
605860 717555
-973945 -897241
-532235 951492
-542003 378565
-840605 -126773
934929 -707372
-898943 -881719
-943638 -419075
17337 -400881
32986 -972347
-384735 -269951
678652 93600
-108595 946376
-794550 152804
744273 838155
427043 148868
875856 -634877
571689 370498
-454308 967126
248485 917154
-123822 391360
-51823 -211967
187778 753620
-945083 193766
-203853 949040
26858 91715
73372 214234
-464042 49476
-528361 -797390
-398974 -817674
-556708 392295
-798441 464760
-760683 -950065
800956 677119
323453 -914628
538762 987531
972736 -160407
-272310 -613066
823317 -703905
-292738 -949996
-495129 -873131
392482 135128
75510 681436
803561 -482420
-755688 -19427
-221568 -655301
277211 -338866
-57858 -632354
990659 112439
852029 366660
375792 333722
-777733 -687650
595161 -845783
989935 -772852
-529424 37285
-409369 679630
793987 864015
777814 -45902
603058 -692166
592808 34840
-798179 846734
-551427 -975445
83457 -980031
-578165 -265033
303077 923705
355908 -950184
-345967 -250672
-145776 -66071
816400 -470519
131196 -246123
56450 -340775
-889993 584476
-14737 4738
-292968 -239780
776487 -637767
52690 -921334
140699 671724
-440953 308655
-351226 -691609
495301 -806917
36928 201477
-840644 -99336
-261110 -866165
132758 -303198
-422061 -137021
-340845 692549
-266362 -498154
70759 -43344
377511 769203
535696 258871
-694712 -191843
88686 -108320
513473 220376
694803 768225
506299 975616
799462 573616
-192822 456940
-233970 -3005
534168 -328517
-42809 403974
-940992 -692838
-846513 502813
-695499 615558
-263682 25531
-458937 988431
-105298 -694658
-776483 584450
104298 975124
-106272 375474
223050 60335
-901507 -73708
376376 758076
45174 147324
387746 260260
277160 -477747
414360 -702210
-444512 655055
-569104 275176
151903 -609542
-412604 447710
135656 -409640
-235388 -617782
816740 372168
954570 -576547
300094 690071
533066 -57196
-394123 -825352
-526685 -489879
387326 588144
-599607 -234308
995438 794345
-959582 270796
-367911 375446
438891 -281844
918701 -191595
-322460 595402
310921 210448
-789302 398372
-364345 -671009
-860273 712571
-861478 329977
-428568 992038
467164 215608
155366 -220279
-867067 -861293
22917 13305
-835958 -766229
-791619 543602
295551 544918
-686136 824804
352991 -511813
-147378 811981
900396 -724583
849916 398539
233914 525944
178818 623432
896532 491803
123831 115722
750784 213802
-684079 -166974
66470 -445154
-523427 -779541
-504615 480390
-180276 155176
771378 314426
307505 -147690
-973940 -964404
-533554 -193668
-218297 544733
452999 -772591
-482224 713690
224242 -129512
-714877 -355664
625186 -737543
-944795 -496745
-941404 -362137
-945132 590160
-656134 994906
807374 -294635
-664861 -804118
554832 11480
-987127 605751
-899890 -599797
-970348 802635
821559 374551
-182782 453954
-267077 155702
221640 -304833
-471030 766496
-718158 338680
-586476 677216
456539 336595
-735265 -261815
363535 739555
534642 643294
508864 -96533
765514 -415656
-360905 -22494
-169621 -429405
177667 137490
-854529 -675869
-146267 933895
-87112 250971
-601595 574346
-589498 -563537
-293988 -502575
-210432 310246
-59342 59565
783707 442301
-449396 637536
-309329 -161054
-393280 -806557
755617 -487528
51394 -917631
-381219 -770844
-232655 -106174
-264176 -915729
695089 -112406
-899466 -681563
120353 55015
128586 678912
-799974 510132
615308 -734856
849731 -175735
817928 84612
-791431 515671
-464671 303110
-997161 37083
-86783 -554836
771960 453834
363452 962615
905537 -302085
-29329 915066
451956 -608333
-373579 -447522
471122 607985
925599 -420320
938371 137038
923063 459417
-363954 -155980
-561215 -595628
782488 -41616
-834786 -422377
950757 211925
329964 -997114
475461 712355
-68140 458980
900410 572028
-257957 -231379
-369411 738417
-944332 -471589
605287 515547
592853 -733123
147074 -459035
645380 796431
-911998 621331
75858 -797330
-887490 -802438
-828470 479766
502695 934573
-167806 28275
273970 -918059
350488 -266875
882350 243906
-198520 -678686
-435250 791176
-928115 -18621
370142 -911053
214224 -590763
-131351 -957487
-187995 -830755
-930827 -429877
-942123 298557
-451284 344512
686528 874371
-356577 -484131
494975 796382
185832 236785
-657880 -454801
-403276 609729
813754 -469316
-973596 501259
984625 -988661
-917118 -480503
969075 618477
201006 -578446
978292 175217
-240654 -570295
-506295 -394240
820507 378002
685250 -775183
177325 24329
-294418 -669591
-653282 57478
759765 -387911
916003 -415148
194859 -956193
680210 630782
-776237 967534
50520 -483106
-933243 355898
-93077 141084
441447 922610
22585 -307191
-366696 -524057
663436 172521
608560 -997849
-483367 34715
-638941 734879
-794223 -688216
512380 -406124
-513532 967281
-460444 -824352
-512831 -180646
-144793 367589
521924 690156
426448 -256507
-867850 -363299
-658057 788610
-169524 -357891
975184 -979227
-870668 680738
-673748 -426444
302855 395169
539486 -238607
851382 573675
523252 -685387
-303729 -791130
-539573 -622751
592293 489325
-563058 -241052
-57997 -515191
270957 -343322
452641 -454010
-15307 457032
347655 872957
-858273 369484
190466 712090
89627 469099
910426 175383
680688 620248
9043 -703617
-599232 289117
-653372 223454
-430749 411865
-711608 -645310
-160717 -847596
239694 71791
-388826 -317155
-754138 -152373
-894201 -379937
-780037 540105
201780 -802243
935588 668285
518490 -139919
-663739 -571751
-41237 -517048
277957 322375
363122 -739989
696130 -596249
-881190 148929
936940 128502
69367 285148
607599 -543107
876701 832769
-238791 -742282
660811 -122564
-32232 -713732
-63942 904335
-602454 -962415
291667 538133
-228581 -697064
-495181 -893183
-492189 579906
447815 268683
630175 -77108
-898747 73808
-788918 272321
307379 631154
715503 -364780
-62374 75223
820778 -451836
-444565 -315624
-704898 -984588
408864 -651286
779329 291510
-984407 281031
889532 -310467
77753 645684
-991426 636071
-200240 330104
143416 929847
371378 -63039
629951 -536557
510638 -568244
-396676 504499
-786594 -92564
-461102 -265903
-282719 205106
950735 324714
-110124 -989474
-31876 -469980
50040 -750801
-969744 -672210
-151760 344933
-440737 -395521
125015 3779
56282 438722
-870363 818800
162050 832319
656216 409096
-698039 -755146
-701501 633669
-687710 482130
100924 540931
-96463 381469
305159 -355288
776731 -915265
-447103 879590
-20845 -52892
-794902 -965348
166985 -466070
-64675 -451689
779732 -989144
-251046 493871
-776689 662825
-334382 354350
741717 31106
998205 324590
611976 728209
-190236 708522
846010 -429777
554140 853661
-176936 625088
-595777 -583767
495892 -484232
308063 389386
-278108 -491408
839063 404962
427877 834258
-941197 97223
820035 -508318
-725363 261321
-597108 64214
508920 -13208
979154 -268551
878350 847635
104774 -354609
-128409 -764748
494823 134730
708239 890414
-211170 -172112
271992 -93137
248982 618067
809924 924228
786151 -890402
922673 -135265
-963069 127848
847750 827126
-118254 792415
-832328 839229
229267 -202135
841795 871069
886490 -130370
-185434 -260499
494234 185392
523203 -64271
686547 -750549
184503 758503
374382 -194931
-109402 27655
-222421 940825
-567738 194841
-731887 668315
-560159 -938284
324997 -380867
-275079 -212918
104660 951456
-494654 -258547
189434 512397
284952 673067
773707 69029
-53938 859583
224747 623758
135816 -316306
517341 -567186
19371 -549342
959952 -238837
-694166 -3151
28394 124167
850593 801009
-840049 118765
739578 -43769
347813 961062
842940 -616848
-489517 799122
-486928 -360485
250192 411655
-970998 29545
385965 964074
804248 921744
326545 596273
-960508 175959
610914 246683
-216998 695044
-373232 -719803
841417 -376513
336121 310054
221300 -307237
646717 68769
396074 -795503
978317 -145597
-697842 267068
88546 804418
274986 500926
-809445 206873
-91271 863634
-184535 533695
-9236 -976913
-303883 429305
599023 -676661
-882652 -314580
-112178 548067
-58773 110643
475575 582429
-885802 524842
-727103 -656355
-459077 -862639
-676605 -13499
781694 -38258
980077 -268280
52691 871272
749601 949806
604698 731852
91229 -403517
-860472 -347912
409009 -865841
682540 672621
541858 407700
-388260 -247635
653354 464701
-737994 -7772
407242 608521
-404905 566151
256395 802405
-988611 125843
224893 461891
-41006 -747277
41108 6086
305110 -599681
-526404 -168820
812682 -613657
-709105 898102
784042 -483375
164016 -11361
196179 -304632
469460 -87110
-646657 -269744
136127 505826
-977888 -925038
954921 -425001
369784 366955
320817 -512403
312745 -226333
118636 50017
205551 635072
68669 866992
225396 413077
689026 430065
186033 -310997
134671 513616
176990 -582927
-369334 753794
308665 -864559
864060 -720839
592715 -900687
-186494 -398722
377584 554668
202742 68415
-845826 100228
886686 -114406
367264 990189
-621475 104040
-993677 -333572
212520 -462360
124539 -541295
-844828 925018
690829 504020
746506 -701991
1648 941122
-94065 -323684
370201 -797494
482769 565124
960929 -765789
363499 486519
12032 -236528
748505 243629
829362 -280036
942574 782189
779227 287351
-608511 129585
-36376 -842741
-670539 362262
891263 279791
-555741 150549
-413381 -383551
419954 -116695
100016 -361108
415209 -728308
-744139 -246350
6741 -614116
-554008 372196
19483 -736232
238362 850543
485723 77445
499823 -703655
-162040 -762197
-122334 277022
151720 494087
256770 316547
-26856 33124
-234786 821874
-18780 -887568
-701011 163685
365257 -733419
442791 561609
-975098 647904
830715 810612
887981 645350
841261 -544165
645695 865759
977462 38067
982350 -202109
772134 18068
-719145 -377082
-416402 776057
-807797 -483894
410194 422767
346737 -59564
-230925 686136
385369 846420
-382200 472926
-298018 -853347
900065 952110
408121 673212
500374 -729375
675715 598440
383568 -196221
-408553 -59064
133013 241837
668765 174031
-488688 176670
73933 385102
207662 -947428
-493502 787220
-639944 53031
-140064 357461
-866643 -865437
693751 694744
95949 442929
14745 784709
-454064 -837040
414439 -482406
-445777 -52475
710373 -363003
-83229 4168
147879 839074
-788213 2022
194296 -586674
903753 -27033
-675895 -616558
495476 -227190
821738 564147
19965 -969964
955316 -56046
280451 129936
607407 92506
999502 395362
-166021 -585807
983553 -236521
-322232 24180
-555952 144471
-785512 -341840
450510 -635134
-209383 -124815
-572558 -833554
718514 500718
177163 -732824
-803127 -145716
-733735 503094
66941 -47010
558109 -559424
-66582 -90367
573802 446544
-472503 658146
-488378 -715841
-752068 890825
-213596 134573
-115566 -609187
-877439 895332
589581 569044
-847760 -961383
-35693 496524
-290147 -250436
-340725 918091
147598 -489584
188195 432585
-587751 -530726
-630253 973214
958365 389997
-290874 -467460
-68912 515239
-286117 144713
728843 739851
717633 -695897
-598642 -515004
273575 -662458
962562 3805
-190839 168622
-495924 -852239
-64797 -540165
-11832 565256
-10633 909515
-713374 778023
560305 338278
-562810 -748589
-112837 776556
-379115 316964
-820901 -6328
38815 -645511
41587 -254332
773224 425898
-910342 -873794
370833 -203808
-887408 508961
-644567 140025
72754 421407
544919 -192266
-287172 258948
330522 -85970
-929461 -116162
872865 267841
-234683 -371774
418713 279210
-787136 -732591
670726 403946
-376925 -31683
249451 385947
709157 -55722
-954709 623420
465377 -713915
984948 562503
957999 -371796
-583296 -820678
-794024 613485
-437916 522233
-276777 -938635
551345 -567307
-639121 -920767
-44208 -489119
524575 -522213
-611995 898862
287550 755317
675067 439927
-452219 621208
307559 -348035
-860315 983494
221823 433020
-79123 -633673
393005 -172506
507758 378644
-667174 -658943
983111 621627
-774507 711639
-817303 -320797
-817297 120204
-800811 893494
-406867 -988297
575134 695068
139344 388796
-475952 501138
866370 180069
732270 -433014
536544 -849553
609896 832228
641109 879513
351945 312479
538322 -540632
718498 -962051
705501 778182
327695 979140
-476308 -259125
-413963 662767
566232 513989
-456881 -203846
14498 996910
525151 107330
-590609 -96482
395569 -596278
966775 -859859
-311626 -256270
264546 -507380
-219231 696056
540987 65396
-430594 -78659
947359 -256799
-311207 947548
-850582 133218
-741549 -793115
76233 219460
309127 -424774
-260599 615208
-744959 -334019
545176 -219244
964890 -657227
17141 -422696
241560 292575
239452 237220
806681 -732246
283544 -399580
-613147 -409906
-119914 -394210
-605242 -84510
164995 -760100
281135 998023
799440 -872222
-667900 -541883
883483 698858
73409 -6849
-417356 -985054
-211416 -748741
343189 610308
883298 326458
741518 808291
548584 745488
-49634 572362
781500 -454909
-286268 -414293
-172358 -40231
36640 -254991
-703446 65697
157924 801537
-401582 -562574
-797202 -129023
-912949 -854717
314076 -521364
-438129 565053
-149284 819518
364052 -510470
-705493 365024
-778024 869143
612506 -103626
-821710 436010
-951902 759177
462505 -548805
-595187 37238
-562547 552726
-580890 -293191
74531 234848
-630386 -783540
761512 592130
-480899 464323
258742 -577440
770649 -554970
628920 355008
527794 -195320
115377 -913905
664140 -988617
68154 178816
-670000 976210
-241669 -927879
346273 -449533
-894187 827445
-53364 675542
-190560 989239
672835 678823
-952391 -473101
583608 -664835
-571577 187725
-804351 -344994
-743484 751278
849071 -210142
-871081 654031
-677775 -734305
494785 -114188
222792 343705
216673 465454
-492901 -991007
777449 -398721
781506 -112885
302588 -576509
801649 -835045
246842 -316335
870741 -599044
473159 -559939
-552994 798493
-742960 6703
378857 -8306
42605 -130376
-534491 120234
-63371 189942
-6325 963070
754963 779115
42116 849460
869537 -985093
419528 615942
-614659 -551913
-642077 -787449
736546 -45738
-643193 204639
-636547 -883374
15642 -525391
-126375 415377
127616 -723750
173703 696311
356526 -786335
805379 -777467
757592 -221341
-936776 -130667
466101 -580908
-467295 372979
-890792 184008
-141710 -84769
-359901 361472
902227 -703894
36040 -734643
-144497 -414965
390499 -623649
-644564 32666
661590 243448
769916 -753257
-750516 -46672
-573347 337422
-52649 -511731
-928747 -385968
-501355 633691
-408522 787373
-933695 446287
158165 736891
744030 880733
2432 250949
4982 -924616
-715313 -312268
334384 -842781
-724435 -568345
664467 -793144
916221 804408
-430713 568231
-859753 212805
558156 -95414
-220050 -749370
704254 -398046
-936598 -279427
-31556 708576
925569 -910807
-728680 -705659
-974920 -154257
-938399 501951
934510 592321
-185275 679091
50343 -548638
358094 406992
-564127 -97050
463553 -621280
-402793 776831
-305371 -924032
292487 321595
-354284 -460162
-846981 -236408
722108 -710173
-702009 -829358
276408 -301302
-561117 230138
-748162 167563
280531 850581
217390 286108
-484602 218745
741347 -278883
-943022 -251838
-432637 -682872
488523 517703
806042 269150
812061 -519653
602296 -494411
827501 -86205
732943 -24866
216999 -881105
-483480 195017
234185 -21700
625359 990428
713466 -444155
-838060 261040
626411 -514640
-249489 917800
394660 59059
-853305 -711596
-246656 -955044
-900313 10307
77537 -497756
-327869 958101
672301 294682
-99350 534386
513321 85720
107487 -934048
-585056 -487791
648972 -62344
-600028 -742811
-690243 410499
-240828 -241475
658869 -737230
525487 -311036
172518 -636847
761663 812639
-418343 711488
-291547 -434180
-692089 645995
21162 261977
548275 580920
-735 -448673
282020 477455
437591 901320
-801551 790005
-869131 125723
-257258 -835366
-764164 946858
-732006 -898765
-144064 -294683
496143 -169466
-201988 308187
785973 -55590
850048 -99487
628396 39613
-915842 59405
34858 -33936
812776 -998420
-385979 -466862
789595 917884
-703810 -652947
679154 -116292
323460 -67017
609675 768904
-334991 -332302
-327011 -531804
-960950 -847010
-127515 -937419
919242 197069
-768080 564171
-744487 641749
-92490 811974
-195146 -34505
32167 -36647
265003 -502036
-372668 -764047
622436 -945001
-677391 -795590
-794975 407792
351939 -971758
-867596 46677
-16783 -196791
323717 130810
-47994 -633050
541257 -684762
231615 -802225
-179488 -571614
583048 -584150
432944 188337
-672820 801654
-292981 -792413
377099 -495575
-84607 27821
153085 697470
47309 242146
323515 537842
926023 -830948
-903844 -264926
150437 277112
-96203 576301
-214618 865146
-956167 -466809
-94842 -613041
82289 732258
847503 -483411
-823962 39625
-940771 853694
798180 994822
229093 -284184
910986 -724658
467114 -153348
654167 -738204
-347335 87348
376225 670551
770077 51690
265940 -465819
863215 -197301
-433398 555751
-66485 -587907
-82359 436719
32861 -14529
-731062 991453
-30727 296531
985479 -975267
-622215 526754
-694905 -805362
-961698 -836201
45818 278183
214004 -976775
-78881 -211225
31429 702749
-818876 64780
-48419 980817
-551648 737131
-834561 772432
340323 700779
509628 -256437
793858 -190924
996383 -399446
944341 591885
-212560 -499102
-20594 -857027
-657370 -778702
-59417 554340
-280832 -312036
120639 -654886
157662 223800
698468 -631831
103087 -447101
-186535 336955
221436 312323
-865447 -3838
488952 651250
-707998 279243
-769960 -122634
596884 467101
122980 841316
-800983 -366535
-677073 212910
36833 936204
-781032 958645
643791 -3034
-732644 917876
-178399 830409
650259 -730137
-56200 -127863
-658925 -691326
-827960 883602
819331 162357
67044 502821
-804755 147332
-83905 325040
178464 -473520
-612599 -321009
31850 940051
-364585 -633204
40984 819022
-708579 -972641
714599 -975684
-690165 -387757
-557713 182141
-799711 -885178
-955914 -110137
260104 -268830
-916555 475569
-410746 833767
697402 329186
485860 -629044
664861 -62657
-318129 425689
792610 -416252
617114 -787483
-359282 542053
-890460 -798283
37941 79808
-677105 982262
-30196 164124
-315600 731815
-144748 -901621
-208433 -815410
444104 583483
388986 -469254
520127 -651223
313330 -276275
-551786 433873
318732 251725
115340 708797
884894 -340047
-985423 -336578
671384 356600
-260147 533344
-853312 -979535
118179 876544
719368 509123
487354 -401066
948011 231304
-513188 383822
252184 -989958
932499 884829
758296 -930175
-982316 468375
456802 325350
-183340 -798545
635321 378519
-687523 625973
328871 266262
-431938 39986
354542 88240
-773023 843919
-65381 -172043
-512469 -882147
-113468 585992
315955 294416
289031 -320378
-94319 498048
141549 -681678
-441983 416998
-176446 -863444
-458988 45190
-990435 46476
277888 -248900
705888 814188
585085 641256
-886776 597213
48320 -762427
-128151 184929
664401 -356703
375254 56999
-389506 -222502
556536 -693846
-491276 495760
958055 -207143
934949 -905456
369093 424385
-164090 -889002
-946194 246523
-318965 895056
-610617 967212
641651 -88441
360627 679597
-688091 471861
985623 -898101
-255936 -622195
16302 -150973
593524 492018
-497073 285810
-703920 557319
-233816 -504650
672141 848925
800926 620754
-739421 -938466
-797767 -844894
941499 -896476
176680 -400295
-644763 -542474
-122934 -50248
-449142 680025
445344 -421454
-561575 -778097
-69145 999408
542631 -500793
-779040 26663
985052 670706
-672803 674591
-988914 -94661
-899629 467802
752436 901670
-283170 -146177
975833 259907
-457458 602025
745034 -277363
926852 163139
-553222 721435
678000 100242
237776 -180582
50923 48278
969326 -300153
843361 -2119
-177221 690771
-93139 820975
434855 459502
296777 -557058
-794273 -471664
921864 -347193
685783 843459
470789 103505
630600 -758107
-959211 -270629
970792 -665280
917707 188308
503718 742512
-679638 156048
567864 -39350
263836 128976
-996140 -622309
-740026 978304
140042 -204177
-565165 -219458
-931067 92192
462835 950465
-418679 -620136
-186354 -747087
582442 414734
-545780 -80011
-467767 521341
-862651 -909109
198973 335868
-591831 -309713
240987 -742060
-810261 -453450
-693515 -905502
92412 963284
-203158 232646
-414570 -609549
-685704 862569
-169213 556332
509425 695634
-373273 894118
90812 -258249
704375 -118409
784283 752878
495346 -851406
-116431 966216
900866 -119774
450583 -285951
12346 502996
-534700 501144
898883 321818
-33905 55028
359841 -662847
800792 -928381
-374974 721047
-59274 927594
983013 -138052
145494 -469346
-984535 -460785
722160 -947325
-335988 -770117
562234 357737
674101 -415044
-360539 544578
894318 -658569
860330 570003
-450631 611954
226391 -121684
735878 316044
314560 560738
981140 -512175
320492 -728742
285294 290755
-638613 -157342
653318 -745197
-163633 674732
165654 -528539
322349 -4595
811627 -502434
-348222 186659
-781390 -736006
-525453 -882172
-867380 -426286
-332603 -451574
-165945 -920729
-506024 -419473
209660 -9187
-66598 -912444
370453 140917
389157 686297
254325 -118570
-239993 -106857
-254346 -180665
891781 -259267
773243 -429655
-849784 529660
774977 -682295
-619915 -114192
745911 -891865
-924087 -448854
971230 -12099
-120344 709824
-503897 29593
775191 -941427
-835291 126730
766764 -776579
-635683 -684821
-69351 751452
906711 968968
-675159 -826256
-365152 -276100
-4044 806795
476096 -562155
-965122 137472
-467067 555608
-9348 -806326
975810 732311
621193 -287008
947750 -347904
997898 -611582
-296727 -483902
-728808 4797
-166969 94008
-540681 79995
-99135 -262953
-443910 582848
612310 90564
-186108 253356
985527 -711641
797929 594282
630442 -599189
-703945 -461563
40417 320521
439965 191131
-188256 -584910
-35046 -942749
122395 -298215
-120899 965753
765296 260480
-115964 -770970
-123756 -345049
297088 -244712
205025 632613
107035 -820180
691861 -827583
639506 8028
675275 559781
-322195 665255
-190333 -81319
164212 500676
-722355 18521
721159 -558400
819966 747910
794711 -120479
906911 705198
-578976 -913339
-801064 -667012
286883 589184
572051 -413075
234323 -828062
176105 61465
772080 901040
-535413 -165907
-985192 -350646
706778 521081
913200 -773614
388602 968773
-582162 452703
-881430 -774087
151973 513996
769081 727008
389475 -457068
-842916 -319144
972397 306723
537302 -10430
-490482 341668
622999 -575939
-440898 -184404
553668 778770
844788 -520198
562778 248143
-847031 -265593
815828 27783
-892301 -160174
-109516 442122
234568 -74947
719579 -593605
-543176 -650557
-48961 792704
325053 331368
-822172 -924813
-465924 -985852
183504 -620290
-731732 -440659
824708 839769
-202490 -659739
131208 -157932
514000 266154
-995434 -891740
798737 -783391
-400500 -275931
108235 956440
-652625 244151
203139 -883972
625130 -388366
228472 981361
-642573 236005
853070 -401738
474353 750172
592318 -858554
246051 -233896
28701 -386164
-162358 187883
-978558 -381034
-329718 -450990
-317973 562042
917015 606222
-140264 705700
723249 -717071
785859 963681
567120 -706579
165582 834458
376980 -351275
444787 -589741
71550 418650
-131543 963807
754653 -143379
610842 -160855
71483 -659527
-566029 27380
-634064 729106
998952 502683
-256342 -291537
446758 -65152
716431 -793783
-810905 -531854
-754989 -514282
416226 81507
-140310 -527393
597994 368300
-542724 -939895
-152617 -547771
-404319 -604378
73328 -353503
649820 399493
-452799 -310354
66203 -515930
309989 939623
-811637 -741767
204449 -121227
-315367 -733868
-451524 -214210
843681 -911945
-201642 40308
495627 451518
865411 -235453
813877 404007
315830 -226003
201008 -212276
-543855 855204
-609764 892218
-88615 220344
-525130 -677042
-2525 566303
-801893 -122312
-450019 -72879
-674607 -848486
485850 -796495
-9126 -743154
780139 284450
-200694 -611228
985602 -396477
859523 -65252
-677138 496586
-656694 -99329
168812 -310798
-198601 623259
263645 778305
861104 80777
-568149 357421
214183 927677
-392949 791922
271145 -142321
-468590 747946
78277 964379
-34384 823206
344937 -807504
422253 -546294
742850 -425881
-128876 728899
213957 -142989
432537 -247742
346940 494702
349058 920192
741937 4657
-345819 -105230
279116 43496
-356120 -714193
-496751 -726170
658632 -23187
-621068 123483
69349 -947132
-91549 990991
-330973 -964527
843560 -595247
216972 132542
313754 504918
-225522 494196
324627 -838748
260604 -991620
15345 -59141
-703031 46916
-192676 -33705
822323 -232327
-970342 -551747
666368 264151
118975 727529
-80778 813339
-615556 -604793
-468349 -107042
593685 -52174
816876 763926
-214379 596529
987363 590671
-162073 367433
-948008 530290
-164786 -296155
-763105 -929669
-499326 -393961
-288216 -446807
698481 156986
-421889 113938
-859748 -684081
-39105 566899
-642584 -595810
-854097 441217
-689580 9999
85897 612891
315957 55289
-494560 445382
-996923 -461728
520590 -34683
-16807 -363350
680482 698063
-946976 -53779
972368 55210
22893 40302
112822 -404965
813367 8249
-401100 -54035
212059 844098
943278 198198
557953 620810
199840 -967065
712256 -670467
-873904 -466603
93815 -945898
29673 21886
-654264 727280
771567 -563139
150438 312750
473789 -466692
440500 265912
-746802 -578199
160579 860375
694445 -542852
-243720 544436
852160 668530
213779 -248301
-677134 560894
-896484 321188
618978 376540
-35527 301365
-716422 -602470
945410 656067
996764 -200412
594050 791359
-872424 -79389
879613 -554146
-228279 -815853
201285 -663275
-954856 -733165
-125186 -476161
-116758 762225
-774641 60979
-404027 -30000
178519 449890
104371 218764
-852402 -496683
288812 -777049
-122301 942462
-42335 -137995
91261 -859360
80196 -554279
617760 988411
503766 977539
777366 678520
-972620 -693462
-205818 596767
273607 931045
590050 -56549
531632 -618216
-712652 464925
-143385 -214431
-576409 569698
-772103 714965
-3566 288193
207101 146685
-745754 419974
367214 -261862
427165 -247578
-987027 83391
371875 -196203
-720138 -712040
-802984 -510026
-215593 -744188
-295146 -881680
485409 -214601
438224 -972672
-490822 -587170
-736677 -506519
910050 -293207
-75420 415054
-755945 470164
-391438 248565
-6531 -635008
-172047 -725822
-195511 130211
888593 -659329
-666944 -624829
-415650 951007
-438195 465589
410316 267539
-373627 -113099
-215871 -811163
45399 858212
-4765 67173
-915658 -103126
673850 614203
670403 895844
-110758 -313922
653446 -137432
-961563 -951958
-762729 854319
570563 -324832
-212672 901348
324995 79504
-218262 -131712
607022 -982023
99672 312908
362587 323104
-982978 -706714
-646989 643987
-814900 925651
980506 -171438
-556501 844601
374177 -698470
940609 -503573
-568510 -929299
-516239 -688594
-479095 515296
-810293 -413884
341228 -805283
-468313 -541467
268873 -649502
-370794 -810057
756590 -536727
55273 -254259
-525240 333379
-578565 127699
706869 253190
89461 -127085
152338 627825
-222873 -810386
726885 427467
637513 -947949
720821 10238
444035 -252082
246382 154888
384713 317447
474384 -996506
-679192 327680
-61803 922241
744716 581924
662393 381893
351129 820920
703327 614544
150766 762133
718726 61752
-169252 -294906
-114706 584355
820794 390305
215645 910285
-805745 803716
676406 -678977
-981097 664544
277094 48446
-804306 756925
-158438 -807612
958906 192693
-37569 566071
-632625 570096
57642 -327495
-333228 815864
-160273 770551
-809794 -318903
104602 258922
649743 687930
579731 -606948
496022 764798
986226 -64576
-248699 -165728
550894 46143
-866447 -889660
-847927 -51542
646169 458295
-698923 -101676
-905224 359353
513356 -955376
232992 190045
391339 -857357
86000 2512
912834 402640
689530 955629
-932677 651867
465175 -73669
-870476 82688
-939719 -791799
269495 -355186
985186 -652018
895246 273296
-15741 663210
734588 517886
-354840 -80705
721530 127351
279126 406293
-104174 -702706
-559535 550862
-12246 805895
623270 334346
-888702 808001
301973 705032
-187997 391914
-440721 -676786
-489520 -42039
235082 114813
178721 875986
593395 -666701
55036 -279935
-271644 -635290
-700035 363995
819957 -777169
92455 232195
398599 514583
778395 -856183
-4 859987
725591 83552
134735 -40424
104936 -519216
-716637 760370
90391 70604
-871504 -283143
59945 968521
17806 -877937
-500784 847469
-85497 -254874
-365087 -854848
59994 -734653
916814 -299259
941784 -893952
816376 50373
783302 974356
-514036 -32880
487287 -56104
374553 907800
-11033 -462549
399579 -497238
857425 56552
-230312 357992
689750 138888
31260 835803
518481 -21174
326133 6772
655366 819620
-111712 -520855
-416990 -650495
935737 -739004
709837 -442469
-645815 -229237
-622457 149550
642013 492593
-413350 84286
-477010 254036
-1149 -277094
-479487 821994
-59462 -607679
-158637 -15380
-726307 651032
209144 -515331
615617 637600
-262534 150918
-377338 -709013
877596 730626
-153681 -628802
184962 -68579
-245602 -507190
-481467 -323189
559845 -785156
-360380 681438
-225594 -417373
-653190 -53472
236399 -672499
147810 808956
869642 768191
-432320 12009
-533800 758208
815967 352445
-851947 -443765
400905 -682015
939069 179503
169418 548970
677579 -465003
-443690 759427
-372228 -762456
-606509 720782
598895 492156
880199 -434856
-446478 -491317
794842 -160545
-181585 -387606
-960686 -853451
2979 20320
-740806 322249
855191 -703602
236405 189687
-426759 -448148
-109704 -913617
-516921 -861953
-526278 221746
-664377 -579792
-827145 590659
-408428 2834
-840118 976853
-705452 901174
-108221 62317
639769 -931369
-250316 224257
-698017 -186839
-580642 -37343
-866864 421830
174042 -542275
-990396 -717714
44991 325232
-932107 367522
-829459 -163545
-176242 758107
252713 351623
-639036 -44160
911605 -929057
-917959 255970
-129741 251075
262226 653967
-480077 -248487
-493095 -618324
-315674 414841
829930 975402
-452566 166948
-312326 -385168
405929 -540596
-64881 -882187
86899 241973
-756129 -533820
-784192 -537796
-549337 -450230
-797741 457578
299323 -50887
-548497 222891
524846 977205
397935 -865867
-136381 -548502
-595618 473304
-179863 -406902
208610 994070
-910269 496457
430927 -37442
-993625 912024
513649 934308
856290 -481970
532878 740456
-791723 329203
-196548 510797
647105 -790994
-267263 719889
279797 -985155
-25075 341358
744607 262685
-955044 436388
-760460 -97162
-488222 -779619
403520 -69696
-147350 197170
-789489 -169532
77414 307371
-397229 672703
-266327 -230122
339801 -249877
-259056 -856711
-233848 -431211
-588203 905869
-984496 -36662
-830421 -601854
363043 -453449
947217 487186
-440299 136948
-975479 -107028
-1877 656048
-295744 -784632
-481289 766187
343417 -364152
865432 -671305
-434139 -548495
-399365 -386846
406765 -682164
258150 993202
902680 26801
-319109 -107906
169824 196146
51854 641052
-839457 -566193
-203507 -423834
440716 -411906
-500910 -327351
-255007 533327
731710 910573
977713 244637
-544628 963299
-454329 -542499
-397516 47926
378732 291069
-418608 296804
463459 527479
-220557 -844336
-149316 878004
399563 353467
-929808 958338
-883852 -326108
345703 387442
-736661 172446
-290481 947367
438835 -800410
-163675 228747
-274888 816252
759814 -411115
478659 966326
371682 561473
957562 -576632
535948 414814
-786092 -813934
947457 -961004
328204 824401
375010 -482286
764220 -749310
-107003 -239107
275298 968243
689665 -349084
774168 -965911
593960 -625877
365615 580308
-109724 -978333
-845071 -697931
824226 -170390
-998430 -473410
-16444 -852577
875333 -911344
861570 140329
924350 781992
-712775 -304406
-255097 -525196
-840352 29803
296918 700157
-744410 -548651
762845 985492
489713 351031
153462 238298
-916418 276466
801237 737002
-144879 677920
-922439 -841680
545559 448883
-82125 -170588
-808993 225370
-390523 -883157
-695071 110379
477840 -161447
-891869 -788683
-714990 805520
963276 -616562
181734 910908
-564802 35134
849975 -921803
-32347 588880
-712806 869478
-707118 -600381
-792735 786446
-639430 -161926
342820 249213
451912 144575
-529181 235431
-160096 603994
837004 -914758
-568853 -309938
383184 404382
-628970 320713
738155 981902
-915659 -240414
-730680 31577
887938 512181
203606 -984080
-134242 672142
-331695 793325
-552336 281700
-231728 -598531
-261048 393073
-810607 -631502
-628827 410689
-680763 922705
-874701 -853675
364888 972870
97691 -495146
426350 808455
894322 -430332
254245 -669384
-116096 -433789
602412 359749
663481 59813
304148 -699174
-932895 -509095
-787277 -351494
292531 -326166
537137 -301833
-19680 614852
262418 474860
124041 -35582
-394125 367454
759793 -988502
809212 -810828
480679 612887
-754372 1250
723629 -708846
421329 185273
-554153 -114799
150504 -415196
163970 507642
549470 158525
836146 -364242
-436884 549502
408658 -367723
886517 31549
-933617 376157
-363362 -224301
606662 400275
-23012 -667028
-790504 -22792
543160 -819233
-865594 256899
-487359 638387
-185091 16639
960054 155921
-288439 82462
-911252 819819
-535217 71608
954180 390466
880043 921160
998576 -604083
-860254 -298103
-139668 152944
-235304 855904
-374752 222251
22582 -627752
-258422 509386
-406066 -963915
942313 998849
732138 -8834
286684 -27052
-437491 915471
598263 117750
-925224 459840
-287233 -709985
-761942 652922
436441 13382
-823802 914746
768560 -817366
-88615 -994901
-133839 543274
-246390 -344072
23852 -141500
-794317 -867173
934838 305580
176255 864994
71615 -198050
974445 -817614
823682 970145
766529 800369
-283234 845264
-619469 196255
723808 441833
692256 286214
660633 721295
967601 227211
143147 -702370
-881252 -525043
-48792 679666
744532 518236
989007 329275
-74725 -674078
-746375 -757040
247244 252270
554053 989266
-519394 195872
714546 -710577
-411093 -50670
440666 471270
-22099 -107712
-412316 -745941
-950555 -919853
697998 -206409
282323 895335
234260 913060
-723388 -221568
308831 -796961
623217 646218
-177287 161234
857643 551090
-397198 967263
606044 -8702
-337015 -248424
-770139 14808
-232164 -688267
-13451 -573139
259302 -769557
-938095 764481
-147898 -728948
237112 -748701
926263 -98178
387354 -374507
405012 561355
-328542 -892477
-100986 163005
-438959 370500
-919480 99331
-721741 558322
-433616 -848636
782297 -139991
98124 87844
