Introductory_Problems
1068
1069
1070
1071
1072
1083
1092
1094
1617
1618
1622
1623
1624
1625
1754
1755
2165
2205
2431
0
Sorting_And_Searching
1621
1084
1090
1091
1619
1629
1640
1643
1074
2183
2216
2217
1141
1073
1163
2162
2163
2168
2169
1164
1620
1630
1631
1641
1642
1645
1660
1661
1662
2428
1085
1076
1077
1644
0
Dynamic_Programming
1633
1634
1635
1636
1637
1638
1158
1746
2413
1639
1744
1745
1097
1093
1145
1140
1653
2181
2220
0
Graph_Algorithms
1192
1193
1666
1667
1668
1669
1194
1671
1672
1673
1195
1197
1196
1678
1679
1680
1681
1202
1750
1160
1751
1675
1676
1682
1683
1684
1686
1691
1692
1693
1690
1689
1694
1695
1696
1711
0
Range_Queries
1646
1647
1648
1649
1650
1651
1652
1143
1749
1144
2166
2206
1190
1734
2416
1739
1735
1736
1737
0
Tree_Algorithms
1674
1130
1131
1132
1133
1687
1688
1135
1136
1137
1138
2134
1139
2079
2080
2081
0
Mathematics
2164
1095
1712
1713
1081
1082
2182
2185
2417
1079
1715
1716
1717
2064
2187
2209
2210
1722
1096
1723
1724
1725
1726
1727
1728
1729
1730
1098
1099
2207
2208
0
String_Algorithms
1731
1753
1732
1733
1110
1111
1112
2420
2102
2103
2104
2105
2106
2107
2108
2109
2110
0
Geometry
2189
2190
2191
2192
2193
2194
2195
0
Advanced_Thecniques
1628
2136
2137
2138
2143
2072
2073
2074
2076
2077
2078
2084
2085
2086
2087
2088
2111
2112
2113
2101
2133
2121
2129
2130
0
Additionnal_Problems
1087
1146
1670
1134
1756
2177
2179
2422
1142
2186
2229
1655
1664
1697
1702
1704
1707
1740
2214
2215
1743
2425
1747
1748
1149
1188
2419
1086
1113
2427
1147
1162
1191
2414
2132
1189
1654
1698
2430
1700
2228
1703
1706
1709
1742
2426
1757
2174
2180
2176
2432
2131
1080
1078
2115
2075
2421
1159
1677
1203
2184
1157
1148
2423
1161
1665
1699
2402
1701
1705
1741
2429
1752
1075
2415
1685
2418
-1
